agents=25
map_file=intersection_105.map
solver=het_lacam
solved=1
soc=2883
soc_lb=648
makespan=188
makespan_lb=91
sum_of_loss=2105
comp_time=884
seed=0
checkpoints=-1,
comp_time_initial_solution=869
cost_initial_solution=2149
search_iteration=9777
num_high_level_node=4079
num_low_level_node=35294
fleets=0:1:1:105:105;1:3:1:35:35;2:5:2:21:21;3:7:3:15:15
agent_fleet=3,3,3,3,2,2,2,2,1,1,1,1,1,0,0,0,0,0,0,0,0,0,0,0,0
starts=(8,6),(6,5),(7,6),(5,5),(13,10),(10,5),(13,13),(13,8),(17,28),(13,22),(5,17),(13,14),(18,12),(67,37),(52,20),(38,64),(55,8),(50,70),(42,57),(50,91),(51,17),(51,59),(61,67),(45,67),(54,33),
goals=(5,9),(5,8),(9,9),(8,8),(10,14),(12,9),(13,11),(11,8),(12,12),(19,22),(17,19),(16,18),(16,16),(54,86),(36,41),(48,40),(49,93),(40,41),(65,36),(54,34),(65,42),(83,51),(39,43),(45,51),(49,75),
solution=
0:(8,6),(6,5),(7,6),(5,5),(13,10),(10,5),(13,13),(13,8),(17,28),(13,22),(5,17),(13,14),(18,12),(67,37),(52,20),(38,64),(55,8),(50,70),(42,57),(50,91),(51,17),(51,59),(61,67),(45,67),(54,33),
1:(7,6),(5,5),(7,7),(5,6),(12,10),(10,5),(13,12),(12,8),(17,27),(14,22),(6,17),(14,14),(18,13),(67,38),(51,20),(38,63),(54,8),(50,69),(43,57),(50,90),(51,18),(51,58),(60,67),(45,66),(53,33),
2:(7,6),(5,5),(7,7),(5,6),(12,10),(10,5),(13,12),(12,8),(17,26),(15,22),(7,17),(14,15),(17,13),(66,38),(50,20),(39,63),(53,8),(49,69),(43,56),(51,90),(51,19),(51,57),(60,66),(45,65),(52,33),
3:(7,6),(5,5),(7,7),(5,6),(12,11),(10,5),(13,11),(12,8),(17,25),(15,22),(8,17),(14,16),(16,13),(65,38),(49,20),(39,62),(53,9),(49,68),(43,55),(52,90),(51,20),(51,56),(60,65),(45,64),(51,33),
4:(6,6),(5,6),(7,7),(5,7),(12,11),(10,5),(13,11),(11,8),(17,24),(15,22),(9,17),(14,17),(16,13),(64,38),(49,21),(39,61),(53,10),(48,68),(43,54),(52,89),(51,21),(52,56),(60,64),(45,63),(51,34),
5:(6,6),(5,6),(8,7),(5,7),(12,12),(10,6),(13,11),(11,8),(17,23),(15,21),(10,17),(15,17),(16,13),(63,38),(49,22),(40,61),(53,11),(47,68),(43,53),(52,88),(51,22),(52,55),(59,64),(45,62),(51,35),
6:(6,6),(5,6),(8,7),(5,7),(12,12),(10,6),(13,11),(11,8),(17,22),(16,21),(10,17),(16,17),(16,13),(63,39),(49,23),(40,60),(52,11),(46,68),(43,52),(52,87),(51,23),(52,54),(58,64),(45,61),(51,36),
7:(5,6),(5,5),(8,7),(5,7),(12,13),(10,6),(13,11),(11,8),(16,22),(17,21),(10,17),(16,18),(16,14),(63,40),(49,24),(40,59),(51,11),(46,67),(43,51),(52,86),(51,24),(52,53),(58,63),(45,60),(50,36),
8:(5,6),(5,5),(9,7),(5,7),(12,13),(10,6),(13,12),(11,8),(16,21),(18,21),(10,17),(16,18),(16,15),(63,41),(49,25),(41,59),(51,12),(45,67),(44,51),(53,86),(51,25),(53,53),(57,63),(45,59),(50,37),
9:(5,6),(5,5),(9,7),(5,7),(11,13),(10,6),(13,12),(11,8),(16,20),(18,20),(10,17),(16,18),(16,16),(63,42),(49,26),(41,58),(50,12),(44,67),(44,50),(53,85),(51,26),(54,53),(57,62),(45,58),(50,38),
10:(5,6),(5,5),(9,7),(5,7),(11,13),(10,7),(13,12),(11,8),(15,20),(18,20),(10,17),(16,18),(16,16),(62,42),(49,27),(41,57),(49,12),(43,67),(45,50),(54,85),(51,27),(54,52),(57,61),(45,57),(49,38),
11:(5,7),(5,6),(9,8),(5,8),(12,13),(10,7),(13,13),(11,8),(14,20),(18,21),(10,17),(16,18),(16,16),(61,42),(49,28),(42,57),(49,13),(42,67),(45,49),(54,84),(52,27),(54,51),(56,61),(45,56),(49,39),
12:(5,7),(5,6),(9,8),(5,8),(12,13),(10,8),(13,13),(11,8),(14,19),(18,22),(10,17),(16,18),(16,16),(61,43),(49,29),(42,56),(49,14),(41,67),(45,48),(54,83),(53,27),(55,51),(55,61),(45,55),(49,40),
13:(5,7),(5,6),(9,8),(5,8),(11,13),(10,8),(13,13),(11,8),(14,19),(17,22),(10,17),(16,18),(16,16),(61,44),(49,30),(43,56),(49,15),(41,66),(45,47),(54,82),(54,27),(56,51),(55,60),(45,54),(49,41),
14:(5,6),(5,5),(9,8),(5,7),(11,13),(10,9),(13,13),(11,8),(13,19),(17,22),(10,17),(16,18),(15,16),(60,44),(49,31),(43,55),(49,16),(41,65),(45,46),(54,81),(54,28),(57,51),(54,60),(45,53),(49,42),
15:(5,6),(5,5),(9,8),(5,7),(11,13),(10,9),(13,13),(11,7),(12,19),(17,22),(10,17),(16,18),(15,16),(59,44),(49,32),(44,55),(49,17),(40,65),(45,45),(54,80),(54,29),(58,51),(54,59),(45,52),(49,43),
16:(5,6),(5,5),(9,8),(5,7),(11,13),(11,9),(13,13),(11,7),(12,19),(17,22),(10,17),(16,18),(16,16),(58,44),(49,33),(44,54),(49,18),(40,64),(45,44),(54,79),(54,30),(59,51),(53,59),(45,51),(49,44),
17:(5,5),(6,5),(9,8),(5,6),(11,13),(11,9),(13,13),(11,7),(12,18),(17,22),(11,17),(16,18),(16,16),(57,44),(49,34),(44,53),(49,19),(40,63),(45,43),(54,78),(55,30),(60,51),(53,58),(45,51),(49,45),
18:(5,5),(6,5),(9,8),(5,6),(11,13),(12,9),(13,13),(11,8),(12,17),(17,22),(11,17),(16,18),(16,16),(57,45),(49,35),(44,52),(49,20),(40,62),(46,43),(54,77),(55,31),(61,51),(53,57),(45,51),(49,46),
19:(5,5),(6,5),(9,8),(5,6),(11,13),(12,9),(13,13),(11,8),(12,17),(17,22),(11,17),(16,18),(16,16),(57,46),(49,36),(44,51),(49,21),(40,61),(46,42),(54,76),(55,32),(62,51),(52,57),(45,51),(49,47),
20:(5,6),(5,5),(9,8),(6,6),(11,13),(12,9),(13,13),(11,8),(12,17),(17,22),(11,17),(16,18),(17,16),(57,47),(49,37),(45,51),(49,22),(40,60),(46,41),(54,75),(55,33),(63,51),(51,57),(45,50),(49,48),
21:(5,6),(5,5),(9,8),(6,6),(11,13),(12,9),(13,13),(11,8),(12,17),(17,22),(11,17),(16,18),(17,16),(56,47),(49,38),(45,50),(49,23),(40,59),(46,40),(54,74),(55,34),(64,51),(50,57),(45,49),(49,49),
22:(5,6),(5,5),(9,8),(6,6),(11,13),(12,9),(13,13),(11,8),(12,17),(17,22),(11,17),(16,17),(17,16),(55,47),(49,39),(45,49),(49,24),(40,58),(47,40),(54,73),(55,35),(65,51),(50,56),(44,49),(49,50),
23:(5,6),(5,5),(9,8),(6,6),(11,13),(12,9),(13,13),(11,8),(12,17),(17,22),(11,17),(16,18),(17,16),(54,47),(48,39),(46,49),(49,25),(40,57),(47,39),(54,72),(56,35),(66,51),(50,57),(45,49),(49,51),
24:(5,6),(5,5),(9,8),(6,6),(11,13),(12,9),(13,13),(11,8),(12,17),(17,22),(11,17),(16,18),(17,16),(54,48),(48,40),(47,49),(49,26),(40,56),(47,38),(54,71),(56,36),(67,51),(49,57),(45,50),(49,52),
25:(6,6),(5,5),(9,8),(7,6),(11,13),(12,9),(13,13),(12,8),(12,16),(17,22),(12,17),(17,18),(17,17),(54,49),(47,40),(48,49),(49,27),(40,55),(47,37),(54,70),(57,36),(68,51),(49,56),(45,51),(49,53),
26:(6,6),(5,5),(9,8),(7,6),(11,13),(12,9),(13,13),(12,8),(12,15),(17,22),(13,17),(17,18),(16,17),(54,50),(46,40),(48,49),(49,28),(40,54),(48,37),(54,69),(57,37),(69,51),(49,55),(45,51),(49,54),
27:(6,6),(5,5),(9,8),(7,6),(11,13),(12,9),(13,13),(12,8),(12,14),(17,22),(14,17),(17,18),(16,17),(54,51),(45,40),(48,49),(49,29),(40,53),(49,37),(54,68),(57,38),(70,51),(48,55),(45,51),(49,55),
28:(7,6),(5,5),(9,8),(8,6),(11,13),(12,10),(13,13),(12,7),(12,14),(17,22),(15,17),(17,18),(16,17),(54,52),(44,40),(48,48),(49,30),(40,52),(50,37),(54,67),(57,39),(71,51),(47,55),(45,50),(49,56),
29:(7,6),(5,5),(9,8),(8,6),(11,13),(12,10),(13,13),(12,7),(12,14),(17,22),(16,17),(16,18),(17,17),(54,53),(43,40),(48,47),(49,31),(40,51),(50,36),(54,66),(58,39),(72,51),(47,54),(45,51),(49,57),
30:(7,6),(5,5),(9,8),(8,6),(11,13),(12,10),(13,13),(11,7),(12,14),(17,22),(17,17),(16,18),(18,17),(54,54),(43,41),(48,46),(49,32),(40,50),(51,36),(54,65),(58,40),(73,51),(47,53),(45,51),(49,58),
31:(7,6),(5,5),(9,8),(8,7),(11,13),(13,10),(13,13),(11,7),(12,14),(17,22),(17,18),(16,18),(17,17),(54,55),(42,41),(48,45),(49,33),(40,49),(52,36),(54,64),(59,40),(74,51),(46,53),(45,51),(49,59),
32:(7,6),(5,5),(9,8),(8,7),(11,13),(13,10),(13,13),(11,7),(12,14),(17,22),(17,19),(16,18),(16,17),(54,56),(42,41),(48,44),(49,34),(40,48),(53,36),(54,63),(60,40),(75,51),(45,53),(45,51),(49,60),
33:(7,6),(5,5),(9,8),(8,7),(11,13),(13,9),(13,13),(11,7),(12,14),(17,22),(17,19),(16,18),(16,17),(54,57),(42,41),(48,43),(49,35),(40,47),(54,36),(54,62),(60,41),(76,51),(45,52),(45,51),(49,61),
34:(7,7),(5,5),(9,8),(8,8),(11,13),(13,9),(13,13),(11,8),(12,14),(17,22),(17,19),(16,19),(15,17),(54,58),(42,41),(48,42),(49,36),(40,46),(55,36),(54,61),(61,41),(77,51),(44,52),(44,51),(49,62),
35:(7,7),(5,5),(9,8),(8,8),(11,13),(12,9),(13,13),(11,8),(12,14),(17,22),(17,19),(16,19),(15,16),(54,59),(42,41),(48,41),(49,37),(40,45),(56,36),(54,60),(61,42),(78,51),(44,51),(45,51),(49,63),
36:(7,7),(5,5),(9,8),(8,8),(11,13),(12,9),(13,13),(11,8),(12,14),(17,22),(17,19),(16,19),(15,16),(54,60),(42,41),(48,40),(49,38),(40,44),(57,36),(53,60),(62,42),(79,51),(43,51),(45,51),(49,64),
37:(8,7),(5,5),(9,8),(8,8),(11,13),(13,9),(13,13),(11,8),(12,14),(17,22),(16,19),(16,18),(16,16),(54,61),(42,41),(48,40),(49,39),(40,43),(58,36),(53,59),(63,42),(80,51),(42,51),(45,51),(49,65),
38:(8,7),(5,5),(9,8),(8,8),(11,13),(13,9),(13,13),(11,8),(12,14),(17,22),(16,19),(16,18),(16,16),(54,62),(42,41),(48,40),(49,40),(40,42),(59,36),(53,58),(64,42),(81,51),(41,51),(45,51),(49,66),
39:(8,7),(6,5),(9,8),(8,8),(11,13),(13,9),(13,13),(11,8),(12,13),(17,22),(16,19),(16,18),(16,16),(54,63),(42,42),(49,40),(49,41),(40,41),(60,36),(53,57),(65,42),(82,51),(41,50),(45,51),(49,67),
40:(7,7),(6,5),(9,8),(8,8),(11,13),(12,9),(13,13),(11,8),(12,12),(17,22),(17,19),(16,19),(15,16),(54,64),(41,42),(49,40),(49,42),(40,41),(61,36),(53,56),(65,42),(83,51),(41,49),(45,51),(49,68),
41:(7,7),(6,5),(9,8),(8,8),(11,13),(12,9),(13,13),(11,8),(12,12),(17,22),(17,19),(16,19),(15,16),(54,65),(41,41),(49,40),(49,43),(40,41),(62,36),(54,56),(65,42),(83,51),(41,48),(45,51),(49,69),
42:(7,7),(6,6),(9,8),(8,8),(11,13),(12,9),(13,13),(11,8),(12,12),(17,22),(17,19),(16,19),(15,17),(54,66),(40,41),(48,40),(49,44),(40,42),(63,36),(54,56),(65,42),(83,51),(41,47),(44,51),(49,70),
43:(8,7),(6,6),(9,8),(8,8),(11,13),(12,8),(13,13),(11,8),(12,12),(17,22),(17,19),(16,18),(16,17),(54,67),(39,41),(48,40),(49,45),(40,41),(64,36),(54,55),(65,42),(83,51),(41,46),(45,51),(49,71),
44:(8,7),(6,6),(9,8),(8,8),(11,13),(12,8),(13,13),(11,8),(12,12),(17,22),(17,19),(16,18),(16,17),(54,68),(38,41),(48,40),(49,46),(40,41),(65,36),(54,54),(65,42),(83,51),(41,45),(45,51),(49,72),
45:(8,7),(6,6),(9,8),(8,8),(11,13),(12,8),(13,13),(11,8),(12,12),(17,22),(17,19),(16,18),(16,17),(54,69),(37,41),(48,40),(49,47),(40,41),(65,36),(54,53),(65,42),(83,51),(41,44),(45,51),(49,73),
46:(8,8),(6,6),(9,7),(9,8),(11,13),(12,8),(13,13),(11,8),(12,12),(17,22),(17,19),(16,18),(16,17),(54,70),(36,41),(48,40),(49,48),(40,41),(65,36),(54,52),(65,42),(83,51),(41,43),(45,51),(49,74),
47:(8,8),(6,6),(9,7),(9,8),(11,13),(12,8),(13,13),(11,8),(12,12),(17,22),(17,19),(16,18),(16,17),(54,71),(36,41),(48,40),(49,49),(40,41),(65,36),(54,51),(65,42),(83,51),(40,43),(45,51),(49,75),
48:(8,8),(6,6),(9,7),(9,8),(11,13),(12,8),(13,13),(11,8),(12,12),(17,22),(17,19),(16,18),(16,17),(54,72),(36,41),(48,40),(49,50),(40,41),(65,36),(54,50),(65,42),(83,51),(39,43),(45,51),(49,75),
49:(8,8),(6,6),(9,7),(9,8),(11,13),(12,8),(13,13),(11,8),(12,12),(17,22),(17,19),(17,18),(16,18),(54,73),(36,41),(48,40),(49,51),(40,41),(65,36),(54,49),(65,42),(83,51),(39,43),(45,51),(49,75),
50:(8,8),(6,6),(9,7),(9,8),(11,13),(12,8),(13,13),(11,8),(12,12),(17,22),(17,19),(17,18),(16,18),(54,74),(36,41),(48,40),(49,52),(40,41),(65,36),(54,48),(65,42),(83,51),(39,43),(45,51),(49,75),
51:(8,8),(6,6),(9,7),(9,8),(11,13),(12,8),(13,13),(11,8),(12,12),(17,22),(17,19),(17,18),(16,18),(54,75),(36,41),(48,40),(49,53),(40,41),(65,36),(54,47),(65,42),(83,51),(39,43),(45,51),(49,75),
52:(8,8),(6,6),(9,7),(9,8),(11,13),(12,8),(13,13),(11,8),(12,12),(17,22),(17,19),(17,18),(15,18),(54,76),(36,41),(48,40),(49,54),(40,41),(65,36),(54,46),(65,42),(83,51),(39,43),(45,51),(49,75),
53:(8,8),(6,6),(9,7),(9,8),(11,13),(12,8),(13,13),(11,8),(12,12),(17,22),(17,19),(17,18),(15,17),(54,77),(36,41),(48,40),(49,55),(40,41),(65,36),(54,45),(65,42),(83,51),(39,43),(44,51),(49,75),
54:(8,8),(6,6),(9,7),(9,8),(11,13),(12,8),(13,13),(11,8),(12,12),(17,22),(17,19),(17,18),(16,17),(54,78),(36,41),(48,40),(49,56),(40,41),(65,36),(54,44),(65,42),(83,51),(39,43),(45,51),(49,75),
55:(8,8),(6,6),(9,7),(9,8),(11,13),(12,8),(13,13),(11,8),(12,12),(17,22),(17,19),(16,18),(16,17),(54,79),(36,41),(48,40),(49,57),(40,41),(65,36),(54,43),(65,42),(83,51),(39,43),(45,51),(49,75),
56:(8,8),(6,6),(9,7),(9,8),(11,13),(12,8),(13,13),(11,8),(12,12),(17,22),(17,19),(16,18),(16,17),(54,80),(36,41),(48,40),(49,58),(40,41),(65,36),(54,42),(65,42),(83,51),(39,43),(45,51),(49,75),
57:(8,8),(6,6),(9,7),(9,8),(11,13),(12,8),(13,13),(11,8),(12,12),(17,22),(17,19),(16,18),(16,17),(54,81),(36,41),(48,40),(49,59),(40,41),(65,36),(54,41),(65,42),(83,51),(39,43),(45,51),(49,75),
58:(8,8),(6,6),(9,7),(9,8),(11,13),(12,8),(13,13),(11,8),(12,12),(17,22),(17,19),(16,18),(16,17),(54,82),(36,41),(48,40),(49,60),(40,41),(65,36),(54,40),(65,42),(83,51),(39,43),(45,51),(49,75),
59:(8,8),(6,6),(9,7),(9,8),(11,13),(12,8),(13,13),(11,8),(12,12),(17,22),(17,19),(16,18),(16,17),(54,83),(36,41),(48,40),(49,61),(40,41),(65,36),(54,39),(65,42),(83,51),(39,43),(45,51),(49,75),
60:(8,8),(6,6),(9,7),(9,8),(11,13),(12,8),(13,13),(11,8),(12,12),(17,22),(17,19),(16,18),(16,17),(54,84),(36,41),(48,40),(49,62),(40,41),(65,36),(54,38),(65,42),(83,51),(39,43),(45,51),(49,75),
61:(8,8),(6,6),(9,7),(9,8),(11,13),(12,8),(13,13),(11,8),(12,12),(17,22),(17,19),(16,18),(16,17),(54,85),(36,41),(48,40),(49,63),(40,41),(65,36),(54,37),(65,42),(83,51),(39,43),(45,51),(49,75),
62:(8,8),(6,6),(9,7),(9,8),(11,13),(12,8),(13,13),(11,8),(12,12),(17,22),(17,19),(16,18),(16,17),(54,86),(36,41),(48,40),(49,64),(40,41),(65,36),(54,36),(65,42),(83,51),(39,43),(45,51),(49,75),
63:(8,8),(6,6),(9,7),(9,8),(11,13),(12,8),(13,13),(11,8),(12,12),(17,22),(17,19),(16,18),(16,17),(54,86),(36,41),(48,40),(49,65),(40,41),(65,36),(54,35),(65,42),(83,51),(39,43),(45,51),(49,75),
64:(8,8),(6,6),(9,7),(9,8),(11,13),(12,8),(13,13),(11,8),(12,12),(17,22),(17,19),(16,18),(16,17),(54,86),(36,41),(48,40),(49,66),(40,41),(65,36),(54,34),(65,42),(83,51),(39,43),(45,51),(49,75),
65:(8,8),(6,6),(9,7),(9,8),(11,13),(12,8),(13,13),(11,8),(12,12),(17,22),(17,19),(16,18),(16,17),(54,86),(36,41),(48,40),(49,67),(40,41),(65,36),(54,34),(65,42),(83,51),(39,43),(45,51),(49,75),
66:(8,8),(6,6),(9,7),(9,8),(11,13),(12,8),(13,13),(11,8),(12,12),(17,22),(17,19),(16,18),(16,17),(54,86),(36,41),(48,40),(49,68),(40,41),(65,36),(54,34),(65,42),(83,51),(39,43),(45,51),(49,75),
67:(8,8),(6,6),(9,7),(9,8),(11,13),(12,8),(13,13),(11,8),(12,12),(17,22),(17,19),(16,18),(16,17),(54,86),(36,41),(48,40),(49,69),(40,41),(65,36),(54,34),(65,42),(83,51),(39,43),(45,51),(49,75),
68:(8,8),(6,6),(9,7),(9,8),(11,13),(12,8),(13,13),(11,8),(12,12),(17,22),(17,19),(16,18),(16,17),(54,86),(36,41),(48,40),(49,70),(40,41),(65,36),(54,34),(65,42),(83,51),(39,43),(45,51),(49,75),
69:(8,8),(6,6),(9,7),(9,8),(11,13),(12,8),(13,13),(11,8),(12,12),(17,22),(17,19),(16,18),(16,17),(54,86),(36,41),(48,40),(49,71),(40,41),(65,36),(54,34),(65,42),(83,51),(39,43),(45,51),(49,75),
70:(8,8),(6,6),(9,7),(9,8),(11,13),(12,8),(13,13),(11,8),(12,12),(17,22),(17,19),(16,18),(16,17),(54,86),(36,41),(48,40),(49,72),(40,41),(65,36),(54,34),(65,42),(83,51),(39,43),(45,51),(49,75),
71:(8,8),(6,6),(9,7),(9,8),(11,13),(12,8),(13,13),(11,8),(12,12),(17,22),(17,19),(16,18),(16,17),(54,86),(36,41),(48,40),(49,73),(40,41),(65,36),(54,34),(65,42),(83,51),(39,43),(45,51),(49,75),
72:(8,8),(6,6),(9,7),(9,8),(11,13),(12,8),(13,13),(11,8),(12,12),(17,22),(17,19),(16,18),(16,17),(54,86),(36,41),(48,40),(49,74),(40,41),(65,36),(54,34),(65,42),(83,51),(39,43),(45,51),(49,75),
73:(8,8),(6,6),(9,7),(9,8),(11,13),(12,8),(13,13),(11,8),(12,12),(17,22),(17,19),(16,18),(16,17),(54,86),(36,41),(48,40),(49,75),(40,41),(65,36),(54,34),(65,42),(83,51),(39,43),(45,51),(49,76),
74:(8,8),(6,6),(9,7),(9,8),(11,13),(12,8),(13,13),(11,8),(12,12),(17,22),(17,19),(16,18),(16,17),(54,86),(36,41),(48,40),(49,76),(40,41),(65,36),(54,34),(65,42),(83,51),(39,43),(45,51),(49,77),
75:(8,8),(6,6),(9,7),(9,8),(11,13),(12,8),(13,13),(11,8),(12,12),(17,22),(17,19),(16,18),(16,17),(54,86),(36,41),(48,40),(49,77),(40,41),(65,36),(54,34),(65,42),(83,51),(39,43),(45,51),(49,78),
76:(8,8),(6,6),(9,7),(9,8),(11,13),(12,8),(13,13),(11,8),(12,12),(17,22),(17,19),(16,18),(16,17),(54,86),(36,41),(48,40),(49,78),(40,41),(65,36),(54,34),(65,42),(83,51),(39,43),(45,51),(50,78),
77:(8,8),(6,6),(9,7),(9,8),(11,13),(12,8),(13,13),(11,8),(12,12),(17,22),(17,19),(16,18),(16,17),(54,86),(36,41),(48,40),(49,79),(40,41),(65,36),(54,34),(65,42),(83,51),(39,43),(45,51),(50,77),
78:(8,8),(6,6),(9,7),(9,8),(11,13),(12,8),(13,13),(11,8),(12,12),(17,22),(17,19),(16,18),(16,17),(54,86),(36,41),(48,40),(49,80),(40,41),(65,36),(54,34),(65,42),(83,51),(39,43),(45,51),(50,76),
79:(8,8),(6,6),(9,7),(9,8),(11,13),(12,8),(13,13),(11,8),(12,12),(17,22),(17,19),(16,18),(16,17),(54,86),(36,41),(48,40),(49,81),(40,41),(65,36),(54,34),(65,42),(83,51),(39,43),(45,51),(49,76),
80:(8,8),(6,6),(9,7),(9,8),(11,13),(12,8),(13,13),(11,8),(12,12),(17,22),(17,19),(16,18),(16,17),(54,86),(36,41),(48,40),(49,82),(40,41),(65,36),(54,34),(65,42),(83,51),(39,43),(45,51),(49,75),
81:(8,8),(6,6),(9,7),(9,8),(11,13),(12,8),(13,13),(11,8),(12,12),(17,22),(17,19),(16,18),(16,17),(54,86),(36,41),(48,40),(49,83),(40,41),(65,36),(54,34),(65,42),(83,51),(39,43),(45,51),(49,75),
82:(8,8),(6,6),(9,7),(9,8),(11,13),(12,8),(13,13),(11,8),(12,12),(17,22),(17,19),(16,18),(16,17),(54,86),(36,41),(48,40),(49,84),(40,41),(65,36),(54,34),(65,42),(83,51),(39,43),(45,51),(49,75),
83:(8,8),(6,6),(9,7),(9,8),(11,13),(12,8),(13,13),(11,8),(12,12),(17,22),(17,19),(16,18),(16,17),(54,86),(36,41),(48,40),(49,85),(40,41),(65,36),(54,34),(65,42),(83,51),(39,43),(45,51),(49,75),
84:(8,8),(6,6),(9,7),(9,8),(11,13),(12,8),(13,13),(11,8),(12,12),(17,22),(17,19),(16,18),(16,17),(54,86),(36,41),(48,40),(49,86),(40,41),(65,36),(54,34),(65,42),(83,51),(39,43),(45,51),(49,75),
85:(8,8),(6,6),(9,7),(9,8),(11,13),(12,8),(13,13),(11,8),(12,12),(17,22),(17,19),(16,18),(16,17),(54,86),(36,41),(48,40),(49,87),(40,41),(65,36),(54,34),(65,42),(83,51),(39,43),(45,51),(49,75),
86:(8,8),(6,6),(9,7),(9,8),(11,13),(12,8),(13,13),(11,8),(12,12),(17,22),(17,19),(16,18),(16,17),(54,86),(36,41),(48,40),(49,88),(40,41),(65,36),(54,34),(65,42),(83,51),(39,43),(45,51),(49,75),
87:(8,8),(6,6),(9,7),(9,8),(11,13),(12,8),(13,13),(11,8),(12,12),(17,22),(17,19),(16,18),(16,17),(54,86),(36,41),(48,40),(49,89),(40,41),(65,36),(54,34),(65,42),(83,51),(39,43),(45,51),(49,75),
88:(8,8),(6,6),(9,7),(9,8),(11,13),(12,8),(13,13),(11,8),(12,12),(17,22),(17,19),(16,18),(16,17),(54,86),(36,41),(48,40),(49,90),(40,41),(65,36),(54,34),(65,42),(83,51),(39,43),(45,51),(49,75),
89:(8,8),(6,6),(9,7),(9,8),(11,13),(12,8),(13,13),(11,8),(12,12),(17,22),(17,19),(16,18),(16,17),(54,86),(36,41),(48,40),(49,91),(40,41),(65,36),(54,34),(65,42),(83,51),(39,43),(45,51),(49,75),
90:(8,8),(6,6),(9,7),(9,8),(11,13),(12,8),(13,13),(11,8),(12,12),(17,22),(17,19),(16,18),(16,17),(54,86),(36,41),(48,40),(49,92),(40,41),(65,36),(54,34),(65,42),(83,51),(39,43),(45,51),(49,75),
91:(8,8),(6,6),(9,7),(9,8),(11,13),(12,8),(13,13),(11,8),(12,12),(17,22),(17,19),(16,18),(16,17),(54,86),(36,41),(48,40),(49,93),(40,41),(65,36),(54,34),(65,42),(83,51),(39,43),(45,51),(49,75),
92:(8,7),(6,6),(9,8),(8,8),(11,13),(12,8),(13,13),(11,8),(12,12),(17,22),(17,19),(16,18),(16,17),(54,86),(36,41),(48,40),(49,93),(40,41),(65,36),(54,34),(65,42),(83,51),(39,43),(45,51),(49,75),
93:(8,7),(6,6),(9,8),(8,8),(11,13),(12,8),(13,13),(11,8),(12,12),(17,22),(17,19),(16,18),(16,17),(54,86),(36,41),(48,40),(49,93),(40,41),(65,36),(54,34),(65,42),(83,51),(39,43),(45,51),(49,75),
94:(8,7),(6,6),(9,8),(8,8),(11,13),(12,8),(13,13),(11,8),(12,12),(17,22),(17,19),(16,18),(16,17),(54,86),(36,41),(48,40),(49,93),(40,41),(65,36),(54,34),(65,42),(83,51),(39,43),(45,51),(49,75),
95:(7,7),(6,6),(9,8),(8,8),(11,13),(12,9),(13,13),(11,8),(12,12),(17,22),(17,19),(15,18),(15,17),(54,86),(36,41),(48,40),(49,93),(40,41),(65,36),(54,34),(65,42),(83,51),(39,43),(44,51),(49,75),
96:(7,7),(6,6),(9,8),(8,8),(11,13),(12,9),(13,13),(11,8),(12,12),(17,22),(17,19),(15,18),(15,17),(54,86),(36,41),(48,40),(49,93),(40,41),(65,36),(54,34),(65,42),(83,51),(39,43),(44,51),(49,75),
97:(7,7),(6,6),(9,8),(8,8),(11,13),(12,9),(13,13),(11,8),(12,12),(17,22),(17,19),(15,18),(15,17),(54,86),(36,41),(48,40),(49,93),(40,41),(65,36),(54,34),(65,42),(83,51),(39,43),(44,51),(49,75),
98:(8,7),(6,6),(9,8),(8,8),(11,13),(13,9),(13,13),(11,8),(12,12),(17,22),(17,19),(16,18),(16,17),(54,86),(36,41),(48,40),(49,93),(40,41),(65,36),(54,34),(65,42),(83,51),(39,43),(45,51),(49,75),
99:(8,7),(6,6),(9,8),(8,8),(11,13),(13,9),(13,13),(11,8),(12,12),(17,22),(17,19),(16,18),(16,17),(54,86),(36,41),(48,40),(49,93),(40,41),(65,36),(54,34),(65,42),(83,51),(39,43),(45,51),(49,75),
100:(8,7),(6,6),(9,8),(8,8),(11,13),(13,9),(13,13),(11,8),(12,12),(17,22),(17,19),(16,18),(16,17),(54,86),(36,41),(48,40),(49,93),(40,41),(65,36),(54,34),(65,42),(83,51),(39,43),(45,51),(49,75),
101:(8,6),(6,6),(9,8),(8,8),(11,13),(13,9),(13,13),(10,8),(12,12),(17,22),(17,19),(16,18),(16,17),(54,86),(36,41),(48,40),(49,93),(40,41),(65,36),(54,34),(65,42),(83,51),(39,43),(45,51),(49,75),
102:(8,6),(6,6),(9,8),(8,8),(11,13),(13,9),(13,13),(10,8),(12,12),(17,22),(17,19),(16,18),(16,17),(54,86),(36,41),(48,40),(49,93),(40,41),(65,36),(54,34),(65,42),(83,51),(39,43),(45,51),(49,75),
103:(8,6),(6,6),(9,8),(8,8),(11,13),(13,9),(13,13),(10,8),(12,12),(17,22),(17,19),(16,18),(16,17),(54,86),(36,41),(48,40),(49,93),(40,41),(65,36),(54,34),(65,42),(83,51),(39,43),(45,51),(49,75),
104:(7,6),(6,6),(9,8),(8,8),(11,13),(12,9),(13,13),(10,7),(12,12),(17,22),(17,19),(16,18),(16,17),(54,86),(36,41),(48,40),(49,93),(40,41),(65,36),(54,34),(65,42),(83,51),(39,43),(45,51),(49,75),
105:(7,6),(6,6),(9,8),(8,8),(11,13),(12,9),(13,13),(10,7),(12,12),(17,22),(17,19),(16,18),(16,17),(54,86),(36,41),(48,40),(49,93),(40,41),(65,36),(54,34),(65,42),(83,51),(39,43),(45,51),(49,75),
106:(7,6),(6,6),(9,8),(8,8),(11,13),(12,9),(13,13),(11,7),(12,12),(17,22),(17,19),(16,18),(16,17),(54,86),(36,41),(48,40),(49,93),(40,41),(65,36),(54,34),(65,42),(83,51),(39,43),(45,51),(49,75),
107:(6,6),(6,5),(9,8),(8,8),(11,13),(12,9),(13,13),(11,7),(12,12),(17,22),(17,19),(16,18),(16,17),(54,86),(36,41),(49,40),(49,93),(40,41),(65,36),(54,34),(65,42),(83,51),(39,43),(45,51),(49,75),
108:(6,6),(6,5),(9,8),(8,8),(11,13),(12,9),(13,13),(11,8),(12,12),(17,22),(17,19),(16,18),(16,17),(54,86),(36,41),(49,40),(49,93),(40,41),(65,36),(54,34),(65,42),(83,51),(39,43),(45,51),(49,75),
109:(6,6),(6,5),(9,8),(8,8),(11,13),(12,9),(13,13),(11,8),(12,12),(17,22),(17,19),(16,18),(16,17),(54,86),(36,41),(49,40),(49,93),(40,41),(65,36),(54,34),(65,42),(83,51),(39,43),(45,51),(49,75),
110:(7,6),(6,6),(8,8),(8,7),(11,13),(13,9),(13,12),(11,7),(12,12),(17,22),(17,19),(16,18),(16,17),(54,86),(36,41),(48,40),(49,93),(40,41),(65,36),(54,34),(65,42),(83,51),(39,43),(45,51),(49,75),
111:(7,6),(6,6),(8,8),(8,7),(11,13),(13,9),(13,12),(11,7),(12,12),(17,22),(17,19),(16,18),(16,17),(54,86),(36,41),(48,40),(49,93),(40,41),(65,36),(54,34),(65,42),(83,51),(39,43),(45,51),(49,75),
112:(7,6),(6,6),(8,8),(8,7),(11,13),(13,9),(13,11),(11,7),(12,12),(17,22),(17,19),(16,18),(16,17),(54,86),(36,41),(48,40),(49,93),(40,41),(65,36),(54,34),(65,42),(83,51),(39,43),(45,51),(49,75),
113:(7,7),(6,6),(8,8),(8,7),(11,13),(13,9),(13,11),(11,8),(12,12),(17,22),(17,19),(16,19),(15,17),(54,86),(36,41),(48,40),(49,93),(40,41),(65,36),(54,34),(65,42),(83,51),(39,43),(45,50),(49,75),
114:(7,7),(6,6),(9,8),(8,8),(11,13),(12,9),(13,10),(11,8),(12,12),(17,22),(17,19),(16,19),(15,17),(54,86),(36,41),(48,40),(49,93),(40,41),(65,36),(54,34),(65,42),(83,51),(39,43),(45,50),(49,75),
115:(7,7),(6,6),(9,8),(8,8),(11,13),(12,9),(13,10),(11,8),(12,12),(17,22),(17,19),(16,19),(15,17),(54,86),(36,41),(48,40),(49,93),(40,41),(65,36),(54,34),(65,42),(83,51),(39,43),(45,50),(49,75),
116:(7,7),(6,6),(9,8),(8,8),(11,13),(12,9),(13,10),(11,8),(12,12),(17,22),(17,19),(16,19),(15,17),(54,86),(36,41),(48,40),(49,93),(40,41),(65,36),(54,34),(65,42),(83,51),(39,43),(45,50),(49,75),
117:(7,7),(6,6),(9,9),(8,8),(11,13),(12,9),(13,11),(11,8),(12,12),(17,22),(17,19),(16,19),(15,17),(54,86),(36,41),(48,40),(49,93),(40,41),(65,36),(54,34),(65,42),(83,51),(39,43),(45,50),(49,75),
118:(7,7),(6,6),(9,9),(8,8),(11,13),(12,9),(13,11),(11,8),(12,12),(17,22),(17,19),(16,19),(15,17),(54,86),(36,41),(48,40),(49,93),(40,41),(65,36),(54,34),(65,42),(83,51),(39,43),(45,50),(49,75),
119:(7,7),(6,6),(9,9),(8,8),(11,13),(12,9),(13,11),(11,8),(12,12),(17,22),(17,19),(16,19),(15,17),(54,86),(36,41),(48,40),(49,93),(40,41),(65,36),(54,34),(65,42),(83,51),(39,43),(45,50),(49,75),
120:(7,6),(6,6),(9,9),(8,8),(11,13),(12,9),(13,11),(11,7),(12,12),(17,22),(17,19),(16,18),(16,17),(54,86),(36,41),(48,40),(49,93),(40,41),(65,36),(54,34),(65,42),(83,51),(39,43),(45,51),(49,75),
121:(7,6),(6,6),(9,9),(8,8),(11,13),(12,9),(13,11),(11,7),(12,12),(17,22),(17,19),(16,18),(16,17),(54,86),(36,41),(48,40),(49,93),(40,41),(65,36),(54,34),(65,42),(83,51),(39,43),(45,51),(49,75),
122:(7,6),(6,6),(9,8),(8,8),(12,13),(12,9),(13,10),(11,7),(12,12),(18,22),(17,19),(16,18),(16,17),(54,86),(36,41),(48,40),(49,93),(40,41),(65,36),(54,34),(65,42),(83,51),(39,43),(45,51),(49,75),
123:(6,6),(6,5),(9,8),(8,8),(12,13),(12,9),(13,10),(11,8),(12,12),(19,22),(17,19),(16,18),(16,17),(54,86),(36,41),(49,40),(49,93),(40,41),(65,36),(54,34),(65,42),(83,51),(39,43),(45,51),(49,75),
124:(6,6),(6,5),(9,8),(8,8),(12,13),(12,9),(13,10),(11,8),(12,12),(19,22),(17,19),(16,18),(16,17),(54,86),(36,41),(49,40),(49,93),(40,41),(65,36),(54,34),(65,42),(83,51),(39,43),(45,51),(49,75),
125:(6,6),(6,5),(9,8),(8,8),(12,13),(12,9),(13,10),(11,8),(12,12),(19,22),(17,19),(16,18),(16,17),(54,86),(36,41),(49,40),(49,93),(40,41),(65,36),(54,34),(65,42),(83,51),(39,43),(45,51),(49,75),
126:(7,6),(6,6),(9,7),(8,7),(12,12),(12,8),(14,10),(11,7),(12,12),(19,22),(17,19),(16,18),(16,17),(54,86),(36,41),(48,40),(49,93),(40,41),(65,36),(54,34),(65,42),(83,51),(39,43),(45,51),(49,75),
127:(7,6),(6,6),(9,7),(8,7),(12,12),(12,8),(14,10),(11,7),(12,12),(19,22),(17,19),(16,18),(16,17),(54,86),(36,41),(48,40),(49,93),(40,41),(65,36),(54,34),(65,42),(83,51),(39,43),(45,51),(49,75),
128:(7,6),(6,6),(9,7),(8,7),(11,12),(12,8),(14,10),(11,7),(12,12),(19,22),(17,19),(16,18),(16,17),(54,86),(36,41),(48,40),(49,93),(40,41),(65,36),(54,34),(65,42),(83,51),(39,43),(45,51),(49,75),
129:(7,7),(6,6),(9,8),(8,7),(11,12),(12,8),(13,10),(11,8),(12,12),(19,22),(17,19),(16,19),(15,17),(54,86),(36,41),(48,40),(49,93),(40,41),(65,36),(54,34),(65,42),(83,51),(39,43),(45,50),(49,75),
130:(7,7),(6,6),(9,8),(8,8),(10,12),(12,9),(13,10),(11,8),(12,12),(19,22),(17,19),(16,19),(15,17),(54,86),(36,41),(48,40),(49,93),(40,41),(65,36),(54,34),(65,42),(83,51),(39,43),(45,50),(49,75),
131:(7,7),(6,6),(9,8),(8,8),(10,12),(12,9),(13,10),(11,8),(12,12),(19,22),(17,19),(16,19),(15,17),(54,86),(36,41),(48,40),(49,93),(40,41),(65,36),(54,34),(65,42),(83,51),(39,43),(45,50),(49,75),
132:(7,7),(6,6),(9,9),(8,8),(10,13),(12,9),(13,11),(11,8),(12,12),(19,22),(17,19),(16,19),(15,17),(54,86),(36,41),(48,40),(49,93),(40,41),(65,36),(54,34),(65,42),(83,51),(39,43),(45,50),(49,75),
133:(7,7),(6,6),(9,9),(8,8),(10,13),(12,9),(13,11),(11,8),(12,12),(19,22),(17,19),(16,19),(15,17),(54,86),(36,41),(48,40),(49,93),(40,41),(65,36),(54,34),(65,42),(83,51),(39,43),(45,50),(49,75),
134:(7,7),(6,6),(9,9),(8,8),(10,14),(12,9),(13,11),(11,8),(12,12),(19,22),(17,19),(16,19),(15,17),(54,86),(36,41),(48,40),(49,93),(40,41),(65,36),(54,34),(65,42),(83,51),(39,43),(45,50),(49,75),
135:(7,7),(6,6),(9,9),(8,8),(10,14),(12,9),(13,11),(11,8),(12,12),(19,22),(17,19),(16,19),(15,17),(54,86),(36,41),(48,40),(49,93),(40,41),(65,36),(54,34),(65,42),(83,51),(39,43),(45,50),(49,75),
136:(7,6),(6,6),(9,9),(8,8),(10,14),(12,9),(13,11),(11,7),(12,12),(19,22),(17,19),(16,18),(16,17),(54,86),(36,41),(48,40),(49,93),(40,41),(65,36),(54,34),(65,42),(83,51),(39,43),(45,51),(49,75),
137:(7,6),(6,6),(9,9),(8,8),(10,14),(12,9),(13,11),(11,7),(12,12),(19,22),(17,19),(16,18),(16,17),(54,86),(36,41),(48,40),(49,93),(40,41),(65,36),(54,34),(65,42),(83,51),(39,43),(45,51),(49,75),
138:(7,6),(6,6),(9,9),(8,8),(10,14),(12,9),(13,11),(11,7),(12,12),(19,22),(17,19),(17,18),(16,18),(54,86),(36,41),(48,40),(49,93),(40,41),(65,36),(54,34),(65,42),(83,51),(39,43),(45,51),(49,75),
139:(7,7),(6,6),(9,9),(8,8),(10,14),(12,9),(13,11),(11,8),(12,12),(19,22),(16,19),(17,19),(15,18),(54,86),(36,41),(48,40),(49,93),(40,41),(65,36),(54,34),(65,42),(83,51),(39,43),(45,51),(49,75),
140:(7,7),(6,6),(9,9),(8,8),(10,14),(12,9),(13,11),(11,8),(12,12),(19,22),(15,19),(16,19),(15,17),(54,86),(36,41),(48,40),(49,93),(40,41),(65,36),(54,34),(65,42),(83,51),(39,43),(45,50),(49,75),
141:(7,7),(6,6),(9,9),(8,8),(10,14),(12,9),(13,11),(11,8),(12,12),(19,22),(15,19),(16,19),(15,17),(54,86),(36,41),(48,40),(49,93),(40,41),(65,36),(54,34),(65,42),(83,51),(39,43),(45,50),(49,75),
142:(7,8),(6,6),(9,9),(8,8),(10,14),(12,9),(13,11),(11,8),(12,12),(19,22),(15,18),(15,19),(16,17),(54,86),(36,41),(48,40),(49,93),(40,41),(65,36),(54,34),(65,42),(83,51),(39,43),(45,51),(49,75),
143:(7,8),(6,6),(9,9),(8,8),(10,14),(12,9),(13,11),(11,8),(12,12),(19,22),(15,17),(15,18),(16,17),(54,86),(36,41),(48,40),(49,93),(40,41),(65,36),(54,34),(65,42),(83,51),(39,43),(44,51),(49,75),
144:(7,8),(6,6),(9,9),(8,8),(10,14),(12,9),(13,11),(11,8),(12,12),(19,22),(15,17),(15,18),(16,17),(54,86),(36,41),(48,40),(49,93),(40,41),(65,36),(54,34),(65,42),(83,51),(39,43),(44,51),(49,75),
145:(7,9),(6,6),(9,9),(8,8),(10,14),(12,9),(13,11),(11,8),(12,12),(19,22),(15,18),(16,18),(16,17),(54,86),(36,41),(48,40),(49,93),(40,41),(65,36),(54,34),(65,42),(83,51),(39,43),(45,51),(49,75),
146:(7,9),(6,6),(9,9),(8,8),(10,14),(12,9),(13,11),(11,8),(12,12),(19,22),(15,19),(16,18),(16,17),(54,86),(36,41),(48,40),(49,93),(40,41),(65,36),(54,34),(65,42),(83,51),(39,43),(45,51),(49,75),
147:(7,9),(6,6),(9,9),(8,8),(10,14),(12,9),(13,11),(11,8),(12,12),(19,22),(16,19),(16,18),(16,17),(54,86),(36,41),(48,40),(49,93),(40,41),(65,36),(54,34),(65,42),(83,51),(39,43),(45,51),(49,75),
148:(6,9),(6,6),(9,9),(8,8),(10,14),(12,9),(13,11),(11,8),(12,12),(19,22),(17,19),(16,18),(16,17),(54,86),(36,41),(48,40),(49,93),(40,41),(65,36),(54,34),(65,42),(83,51),(39,43),(45,51),(49,75),
149:(6,9),(6,6),(9,9),(8,8),(10,14),(12,9),(13,11),(11,8),(12,12),(19,22),(17,19),(16,18),(16,17),(54,86),(36,41),(48,40),(49,93),(40,41),(65,36),(54,34),(65,42),(83,51),(39,43),(45,51),(49,75),
150:(6,9),(6,6),(9,9),(8,8),(10,14),(12,9),(13,11),(11,8),(12,12),(19,22),(17,19),(16,18),(16,17),(54,86),(36,41),(48,40),(49,93),(40,41),(65,36),(54,34),(65,42),(83,51),(39,43),(45,51),(49,75),
151:(5,9),(6,6),(9,9),(8,8),(10,14),(12,9),(13,11),(11,8),(12,12),(19,22),(17,19),(16,18),(16,17),(54,86),(36,41),(48,40),(49,93),(40,41),(65,36),(54,34),(65,42),(83,51),(39,43),(45,51),(49,75),
152:(5,9),(6,6),(9,9),(8,8),(10,14),(12,9),(13,11),(11,8),(12,12),(19,22),(17,19),(16,18),(16,17),(54,86),(36,41),(48,40),(49,93),(40,41),(65,36),(54,34),(65,42),(83,51),(39,43),(45,51),(49,75),
153:(5,9),(6,6),(9,9),(8,8),(10,14),(12,9),(13,11),(11,8),(12,12),(19,22),(17,19),(16,18),(16,17),(54,86),(36,41),(48,40),(49,93),(40,41),(65,36),(54,34),(65,42),(83,51),(39,43),(45,51),(49,75),
154:(5,9),(6,6),(9,9),(8,8),(10,14),(12,9),(13,11),(11,8),(12,12),(19,22),(17,19),(16,18),(15,17),(54,86),(36,41),(48,40),(49,93),(40,41),(65,36),(54,34),(65,42),(83,51),(39,43),(44,51),(49,75),
155:(5,9),(7,6),(9,9),(8,8),(10,14),(12,9),(13,11),(11,7),(12,12),(19,22),(17,19),(16,18),(15,16),(54,86),(36,41),(48,40),(49,93),(40,41),(65,36),(54,34),(65,42),(83,51),(39,43),(45,51),(49,75),
156:(5,9),(7,6),(9,9),(8,8),(10,14),(12,9),(13,11),(11,7),(12,12),(19,22),(17,19),(16,18),(15,16),(54,86),(36,41),(48,40),(49,93),(40,41),(65,36),(54,34),(65,42),(83,51),(39,43),(45,51),(49,75),
157:(5,9),(7,6),(9,9),(8,8),(10,14),(12,9),(13,11),(11,7),(12,12),(19,22),(17,19),(16,18),(14,16),(54,86),(36,41),(48,40),(49,93),(40,41),(65,36),(54,34),(65,42),(83,51),(39,43),(45,51),(49,75),
158:(5,9),(7,7),(9,9),(8,8),(10,14),(12,9),(13,11),(11,8),(12,12),(19,22),(17,19),(15,18),(15,16),(54,86),(36,41),(48,40),(49,93),(40,41),(65,36),(54,34),(65,42),(83,51),(39,43),(45,51),(49,75),
159:(5,9),(8,7),(9,9),(8,8),(10,14),(12,8),(13,11),(11,8),(12,12),(19,22),(17,19),(16,18),(16,16),(54,86),(36,41),(48,40),(49,93),(40,41),(65,36),(54,34),(65,42),(83,51),(39,43),(45,51),(49,75),
160:(5,9),(8,7),(9,9),(8,8),(10,14),(12,8),(13,11),(11,8),(12,12),(19,22),(17,19),(16,18),(16,16),(54,86),(36,41),(48,40),(49,93),(40,41),(65,36),(54,34),(65,42),(83,51),(39,43),(45,51),(49,75),
161:(5,9),(8,7),(9,9),(8,8),(10,14),(12,8),(13,11),(11,8),(12,12),(19,22),(17,19),(16,18),(16,16),(54,86),(36,41),(48,40),(49,93),(40,41),(65,36),(54,34),(65,42),(83,51),(39,43),(45,51),(49,75),
162:(5,9),(8,8),(9,9),(9,8),(10,14),(12,9),(13,10),(11,8),(12,12),(19,22),(17,19),(16,18),(16,16),(54,86),(36,41),(48,40),(49,93),(40,41),(65,36),(54,34),(65,42),(83,51),(39,43),(45,51),(49,75),
163:(5,9),(8,8),(9,9),(9,8),(10,14),(12,9),(13,10),(11,8),(12,12),(19,22),(17,19),(16,18),(16,16),(54,86),(36,41),(48,40),(49,93),(40,41),(65,36),(54,34),(65,42),(83,51),(39,43),(45,51),(49,75),
164:(5,9),(8,8),(9,9),(9,8),(10,14),(12,9),(12,10),(11,8),(12,12),(19,22),(17,19),(16,18),(16,16),(54,86),(36,41),(48,40),(49,93),(40,41),(65,36),(54,34),(65,42),(83,51),(39,43),(45,51),(49,75),
165:(5,9),(8,8),(9,9),(9,8),(10,14),(12,9),(12,10),(11,8),(12,12),(19,22),(17,19),(16,18),(16,16),(54,86),(36,41),(48,40),(49,93),(40,41),(65,36),(54,34),(65,42),(83,51),(39,43),(45,51),(49,75),
166:(5,9),(9,8),(9,9),(9,7),(10,14),(12,8),(11,10),(11,8),(12,12),(19,22),(17,19),(16,18),(16,16),(54,86),(36,41),(48,40),(49,93),(40,41),(65,36),(54,34),(65,42),(83,51),(39,43),(45,51),(49,75),
167:(5,9),(9,8),(9,9),(9,7),(10,14),(12,8),(11,10),(11,8),(12,12),(19,22),(17,19),(16,18),(16,16),(54,86),(36,41),(48,40),(49,93),(40,41),(65,36),(54,34),(65,42),(83,51),(39,43),(45,51),(49,75),
168:(5,9),(9,8),(9,9),(9,7),(10,14),(12,8),(11,11),(11,8),(12,12),(19,22),(17,19),(16,18),(16,16),(54,86),(36,41),(48,40),(49,93),(40,41),(65,36),(54,34),(65,42),(83,51),(39,43),(45,51),(49,75),
169:(5,9),(9,8),(9,9),(9,7),(10,14),(12,8),(11,11),(11,8),(12,12),(19,22),(17,19),(16,18),(16,16),(54,86),(36,41),(48,40),(49,93),(40,41),(65,36),(54,34),(65,42),(83,51),(39,43),(45,51),(49,75),
170:(5,9),(9,7),(9,9),(8,7),(10,14),(12,8),(10,11),(11,8),(12,12),(19,22),(17,20),(15,18),(16,16),(54,86),(36,41),(48,40),(49,93),(40,41),(65,36),(54,34),(65,42),(83,51),(39,43),(45,51),(49,75),
171:(5,9),(9,7),(9,9),(8,7),(10,14),(12,8),(10,11),(11,8),(12,12),(19,22),(17,20),(15,18),(16,16),(54,86),(36,41),(48,40),(49,93),(40,41),(65,36),(54,34),(65,42),(83,51),(39,43),(45,51),(49,75),
172:(5,9),(9,7),(9,9),(8,7),(10,14),(12,8),(10,11),(11,8),(12,12),(19,22),(17,20),(15,18),(16,16),(54,86),(36,41),(48,40),(49,93),(40,41),(65,36),(54,34),(65,42),(83,51),(39,43),(45,51),(49,75),
173:(5,9),(9,8),(9,9),(8,8),(10,14),(12,9),(10,11),(11,8),(12,12),(19,22),(17,20),(15,18),(16,16),(54,86),(36,41),(48,40),(49,93),(40,41),(65,36),(54,34),(65,42),(83,51),(39,43),(45,51),(49,75),
174:(5,9),(9,8),(9,9),(8,8),(10,14),(12,9),(10,11),(11,8),(12,12),(19,22),(17,20),(15,18),(16,16),(54,86),(36,41),(48,40),(49,93),(40,41),(65,36),(54,34),(65,42),(83,51),(39,43),(45,51),(49,75),
175:(5,9),(9,8),(9,9),(8,8),(10,14),(12,9),(10,11),(11,8),(12,12),(19,22),(17,20),(15,18),(16,16),(54,86),(36,41),(48,40),(49,93),(40,41),(65,36),(54,34),(65,42),(83,51),(39,43),(45,51),(49,75),
176:(5,9),(8,8),(9,9),(8,7),(10,14),(13,9),(10,11),(11,8),(12,12),(19,22),(17,20),(15,18),(16,16),(54,86),(36,41),(48,40),(49,93),(40,41),(65,36),(54,34),(65,42),(83,51),(39,43),(45,51),(49,75),
177:(5,9),(8,8),(9,9),(8,7),(10,14),(13,9),(10,11),(11,8),(12,12),(19,22),(17,20),(15,18),(16,16),(54,86),(36,41),(48,40),(49,93),(40,41),(65,36),(54,34),(65,42),(83,51),(39,43),(45,51),(49,75),
178:(5,9),(8,8),(9,9),(8,7),(10,14),(13,9),(10,11),(11,8),(12,12),(19,22),(17,20),(15,18),(16,16),(54,86),(36,41),(48,40),(49,93),(40,41),(65,36),(54,34),(65,42),(83,51),(39,43),(45,51),(49,75),
179:(5,9),(7,8),(9,9),(8,8),(10,14),(12,9),(10,10),(11,8),(12,12),(19,22),(17,21),(15,18),(16,15),(54,86),(36,41),(48,40),(49,93),(40,41),(65,36),(54,34),(65,42),(83,51),(39,43),(45,51),(49,75),
180:(5,9),(7,8),(9,9),(8,8),(10,14),(12,9),(10,10),(11,8),(12,12),(19,22),(17,21),(15,18),(16,15),(54,86),(36,41),(48,40),(49,93),(40,41),(65,36),(54,34),(65,42),(83,51),(39,43),(45,51),(49,75),
181:(5,9),(7,8),(9,9),(8,8),(10,14),(12,9),(11,10),(11,8),(12,12),(19,22),(17,21),(15,18),(16,16),(54,86),(36,41),(48,40),(49,93),(40,41),(65,36),(54,34),(65,42),(83,51),(39,43),(45,51),(49,75),
182:(5,9),(6,8),(9,9),(8,8),(10,14),(12,9),(11,10),(11,8),(12,12),(19,22),(17,20),(15,17),(16,16),(54,86),(36,41),(48,40),(49,93),(40,41),(65,36),(54,34),(65,42),(83,51),(39,43),(44,51),(49,75),
183:(5,9),(6,8),(9,9),(8,8),(10,14),(12,9),(12,10),(11,8),(12,12),(19,22),(17,19),(16,17),(16,16),(54,86),(36,41),(48,40),(49,93),(40,41),(65,36),(54,34),(65,42),(83,51),(39,43),(45,51),(49,75),
184:(5,9),(6,8),(9,9),(8,8),(10,14),(12,9),(12,10),(11,8),(12,12),(19,22),(17,19),(16,17),(16,16),(54,86),(36,41),(48,40),(49,93),(40,41),(65,36),(54,34),(65,42),(83,51),(39,43),(45,51),(49,75),
185:(5,9),(5,8),(9,9),(8,8),(10,14),(12,9),(13,10),(11,8),(12,12),(19,22),(17,19),(16,18),(16,16),(54,86),(36,41),(48,40),(49,93),(40,41),(65,36),(54,34),(65,42),(83,51),(39,43),(45,51),(49,75),
186:(5,9),(5,8),(9,9),(8,8),(10,14),(12,9),(13,10),(11,8),(12,12),(19,22),(17,19),(16,18),(16,16),(54,86),(36,41),(48,40),(49,93),(40,41),(65,36),(54,34),(65,42),(83,51),(39,43),(45,51),(49,75),
187:(5,9),(5,8),(9,9),(8,8),(10,14),(12,9),(13,11),(11,8),(12,12),(19,22),(17,19),(16,18),(16,16),(54,86),(36,41),(48,40),(49,93),(40,41),(65,36),(54,34),(65,42),(83,51),(39,43),(45,51),(49,75),
188:(5,9),(5,8),(9,9),(8,8),(10,14),(12,9),(13,11),(11,8),(12,12),(19,22),(17,19),(16,18),(16,16),(54,86),(36,41),(48,40),(49,93),(40,41),(65,36),(54,34),(65,42),(83,51),(39,43),(45,51),(49,75),
