agents=25
map_file=corridor_speed_105.map
solver=het_lacam
solved=1
soc=4159
soc_lb=1786
makespan=326
makespan_lb=165
sum_of_loss=3831
comp_time=41
seed=0
checkpoints=-1,
comp_time_initial_solution=41
cost_initial_solution=3849
search_iteration=408
num_high_level_node=365
num_low_level_node=2004
fleets=0:1:1:105:105;1:3:1:35:35;2:5:2:21:21;3:7:3:15:15
agent_fleet=3,3,3,3,2,2,2,2,1,1,1,1,1,0,0,0,0,0,0,0,0,0,0,0,0
starts=(12,14),(11,3),(3,2),(12,2),(19,4),(3,6),(3,18),(4,18),(3,26),(1,7),(8,22),(4,28),(1,13),(81,103),(103,41),(11,46),(101,3),(14,7),(13,33),(102,53),(2,47),(16,17),(2,93),(26,5),(99,79),
goals=(2,5),(3,8),(13,13),(1,5),(0,5),(17,5),(19,1),(18,5),(27,6),(31,26),(31,20),(31,13),(32,21),(18,45),(27,66),(80,32),(9,76),(80,13),(89,5),(18,33),(79,3),(80,40),(99,31),(96,99),(11,67),
solution=
0:(12,14),(11,3),(3,2),(12,2),(19,4),(3,6),(3,18),(4,18),(3,26),(1,7),(8,22),(4,28),(1,13),(81,103),(103,41),(11,46),(101,3),(14,7),(13,33),(102,53),(2,47),(16,17),(2,93),(26,5),(99,79),
1:(12,13),(11,2),(4,2),(12,2),(19,5),(4,6),(3,17),(4,17),(4,26),(1,8),(8,21),(4,27),(2,13),(81,102),(103,42),(11,45),(100,3),(14,8),(13,32),(102,52),(2,46),(16,18),(2,92),(27,5),(98,79),
2:(12,13),(11,2),(4,2),(12,2),(19,5),(4,6),(3,17),(4,17),(4,25),(2,8),(8,20),(4,26),(3,13),(80,102),(102,42),(11,44),(99,3),(15,8),(13,31),(101,52),(2,45),(17,18),(2,91),(27,6),(97,79),
3:(12,13),(11,2),(4,2),(12,2),(18,5),(4,5),(3,16),(4,16),(4,24),(2,9),(8,19),(4,25),(4,13),(80,101),(102,43),(12,44),(98,3),(15,9),(13,30),(100,52),(2,44),(17,19),(3,91),(28,6),(96,79),
4:(12,12),(10,2),(5,2),(11,2),(18,5),(4,5),(3,16),(4,16),(4,23),(3,9),(8,18),(4,24),(5,13),(80,100),(102,44),(12,43),(97,3),(15,10),(14,30),(99,52),(3,44),(17,20),(3,90),(29,6),(95,79),
5:(12,12),(10,2),(5,2),(11,2),(17,5),(5,5),(4,16),(4,15),(4,22),(4,9),(8,17),(4,23),(6,13),(79,100),(101,44),(13,43),(96,3),(15,11),(15,30),(98,52),(4,44),(17,21),(4,90),(30,6),(94,79),
6:(12,12),(10,2),(5,2),(11,2),(17,5),(5,5),(4,16),(4,15),(5,22),(4,10),(8,16),(4,22),(7,13),(78,100),(100,44),(14,43),(96,4),(15,12),(15,29),(98,51),(5,44),(17,22),(4,89),(31,6),(94,78),
7:(12,11),(9,2),(6,2),(10,2),(16,5),(6,5),(4,15),(4,14),(5,21),(4,11),(9,16),(4,21),(8,13),(77,100),(100,45),(15,43),(95,4),(15,13),(16,29),(98,50),(5,43),(18,22),(5,89),(32,6),(93,78),
8:(12,11),(9,2),(6,2),(10,2),(16,5),(6,5),(4,15),(4,14),(6,21),(5,11),(10,16),(5,21),(8,14),(77,99),(99,45),(16,43),(95,5),(16,13),(16,28),(98,49),(5,42),(19,22),(6,89),(33,6),(92,78),
9:(12,11),(9,2),(6,2),(10,2),(15,5),(7,5),(4,14),(4,13),(6,20),(6,11),(11,16),(5,20),(9,14),(77,98),(99,46),(16,42),(95,6),(16,14),(17,28),(97,49),(5,41),(20,22),(6,88),(34,6),(91,78),
10:(12,10),(8,2),(7,2),(9,2),(15,5),(7,5),(4,14),(4,13),(7,20),(6,12),(12,16),(5,19),(10,14),(77,97),(99,47),(16,41),(95,7),(17,14),(18,28),(96,49),(6,41),(21,22),(7,88),(35,6),(90,78),
11:(12,10),(8,2),(7,2),(9,2),(14,5),(8,5),(4,13),(4,12),(7,19),(6,13),(13,16),(5,18),(11,14),(77,96),(98,47),(16,40),(95,8),(18,14),(18,27),(95,49),(7,41),(21,23),(7,87),(36,6),(90,77),
12:(12,10),(8,2),(7,2),(9,2),(14,5),(8,5),(4,13),(4,12),(8,19),(6,14),(14,16),(5,17),(12,14),(77,95),(98,48),(16,39),(95,9),(19,14),(19,27),(94,49),(8,41),(21,24),(8,87),(37,6),(89,77),
13:(11,10),(9,2),(8,2),(10,2),(13,5),(9,5),(4,12),(3,12),(8,18),(6,15),(15,16),(5,16),(13,14),(77,94),(98,49),(16,38),(94,9),(20,14),(19,26),(94,48),(8,40),(21,25),(8,86),(38,6),(88,77),
14:(11,10),(9,2),(8,2),(10,2),(13,5),(9,5),(4,12),(3,12),(8,17),(6,16),(16,16),(5,15),(14,14),(77,93),(98,50),(17,38),(94,10),(21,14),(20,26),(93,48),(8,39),(21,26),(9,86),(39,6),(88,76),
15:(11,10),(9,2),(8,2),(10,2),(12,5),(10,5),(4,11),(3,11),(8,16),(7,16),(17,16),(5,14),(15,14),(77,92),(98,51),(17,37),(94,11),(22,14),(21,26),(93,47),(8,38),(22,26),(9,85),(40,6),(87,76),
16:(11,9),(10,2),(9,2),(11,2),(12,5),(10,5),(4,11),(3,11),(9,16),(8,16),(18,16),(6,14),(16,14),(77,91),(97,51),(18,37),(94,12),(23,14),(21,25),(93,46),(9,38),(23,26),(10,85),(41,6),(87,75),
17:(11,9),(10,2),(9,2),(11,2),(11,5),(10,5),(4,10),(4,11),(10,16),(9,16),(19,16),(7,14),(17,14),(77,90),(97,52),(19,37),(93,12),(24,14),(21,24),(93,45),(9,37),(24,26),(10,84),(42,6),(87,74),
18:(11,9),(10,2),(9,2),(11,2),(11,5),(10,5),(4,10),(4,11),(11,16),(10,16),(20,16),(8,14),(18,14),(77,89),(97,53),(20,37),(93,13),(25,14),(21,23),(93,44),(9,36),(24,27),(10,83),(43,6),(87,73),
19:(11,8),(11,2),(10,2),(11,1),(10,5),(9,5),(4,9),(4,10),(12,16),(11,16),(21,16),(9,14),(19,14),(77,88),(96,53),(21,37),(92,13),(26,14),(21,22),(92,44),(10,36),(24,28),(10,82),(44,6),(87,72),
20:(11,8),(11,2),(10,2),(11,1),(10,5),(9,5),(4,9),(4,10),(13,16),(12,16),(22,16),(10,14),(20,14),(77,87),(96,54),(21,36),(91,13),(27,14),(22,22),(92,43),(10,35),(24,29),(11,82),(45,6),(86,72),
21:(11,8),(11,2),(10,2),(11,1),(9,5),(8,5),(4,8),(4,9),(14,16),(13,16),(23,16),(11,14),(21,14),(77,86),(95,54),(22,36),(91,14),(28,14),(23,22),(91,43),(10,34),(24,30),(11,81),(46,6),(85,72),
22:(11,7),(11,3),(11,2),(11,1),(9,5),(8,5),(4,8),(4,9),(15,16),(14,16),(24,16),(12,14),(22,14),(77,85),(94,54),(23,36),(91,15),(29,14),(24,22),(91,42),(11,34),(24,31),(11,80),(47,6),(84,72),
23:(11,7),(11,3),(11,2),(11,1),(8,5),(7,5),(4,8),(4,9),(16,16),(15,16),(24,16),(13,14),(23,14),(77,84),(93,54),(24,36),(91,16),(30,14),(24,21),(90,42),(12,34),(24,32),(11,79),(48,6),(83,72),
24:(11,7),(11,3),(11,2),(11,1),(8,5),(7,5),(4,8),(4,9),(17,16),(16,16),(24,16),(14,14),(24,14),(77,83),(92,54),(24,35),(90,16),(31,14),(24,20),(90,41),(12,33),(24,33),(11,78),(49,6),(82,72),
25:(11,6),(12,3),(11,3),(11,2),(7,5),(6,5),(4,7),(4,8),(18,16),(17,16),(24,16),(15,14),(24,14),(77,82),(91,54),(25,35),(89,16),(32,14),(24,19),(90,40),(12,32),(24,34),(12,78),(50,6),(82,71),
26:(11,6),(12,3),(11,3),(11,2),(7,5),(6,5),(4,7),(4,8),(19,16),(18,16),(24,16),(16,14),(24,14),(77,81),(90,54),(26,35),(88,16),(33,14),(24,18),(89,40),(12,31),(25,34),(13,78),(51,6),(82,70),
27:(11,6),(12,3),(11,3),(11,2),(6,5),(5,5),(4,6),(4,7),(20,16),(19,16),(24,16),(17,14),(24,14),(77,80),(89,54),(27,35),(87,16),(34,14),(25,18),(89,39),(12,30),(25,35),(13,77),(52,6),(81,70),
28:(11,5),(12,4),(12,3),(10,2),(6,5),(5,5),(4,6),(4,7),(21,16),(20,16),(25,16),(18,14),(25,14),(77,79),(88,54),(28,35),(87,17),(35,14),(26,18),(88,39),(13,30),(25,36),(13,76),(53,6),(81,69),
29:(11,5),(12,4),(12,3),(10,2),(6,5),(5,5),(4,5),(4,6),(22,16),(21,16),(26,16),(19,14),(26,14),(77,78),(87,54),(29,35),(87,18),(36,14),(26,17),(87,39),(13,29),(26,36),(13,75),(54,6),(81,68),
30:(11,5),(12,4),(12,3),(10,2),(6,5),(5,5),(4,5),(4,6),(23,16),(22,16),(27,16),(20,14),(27,14),(77,77),(86,54),(30,35),(86,18),(37,14),(27,17),(86,39),(13,28),(27,36),(13,74),(55,6),(80,68),
31:(11,4),(13,4),(12,4),(9,2),(6,5),(5,5),(4,4),(4,5),(24,16),(23,16),(27,17),(21,14),(28,14),(77,76),(85,54),(31,35),(85,18),(38,14),(28,17),(86,38),(13,27),(27,37),(14,74),(56,6),(79,68),
32:(11,4),(13,4),(12,4),(9,2),(6,5),(5,5),(4,4),(4,5),(25,16),(24,16),(27,18),(22,14),(29,14),(77,75),(84,54),(32,35),(84,18),(39,14),(28,16),(86,37),(14,27),(28,37),(15,74),(57,6),(79,67),
33:(11,4),(13,4),(12,4),(9,2),(7,5),(6,5),(4,3),(5,5),(26,16),(25,16),(27,19),(23,14),(30,14),(77,74),(83,54),(33,35),(84,19),(40,14),(29,16),(86,36),(15,27),(29,37),(16,74),(58,6),(78,67),
34:(11,3),(13,3),(13,4),(8,2),(7,5),(6,5),(4,3),(5,5),(26,15),(26,16),(27,20),(24,14),(30,15),(77,73),(82,54),(34,35),(83,19),(41,14),(30,16),(85,36),(15,26),(29,38),(17,74),(59,6),(78,66),
35:(11,3),(13,3),(13,4),(8,2),(8,5),(7,5),(5,3),(6,5),(26,14),(27,16),(28,20),(25,14),(31,15),(77,72),(81,54),(35,35),(82,19),(42,14),(30,15),(85,35),(15,25),(29,39),(18,74),(60,6),(78,65),
36:(11,3),(13,3),(13,4),(8,2),(8,5),(7,5),(5,3),(6,5),(27,14),(28,16),(29,20),(26,14),(32,15),(77,71),(80,54),(36,35),(82,20),(43,14),(31,15),(84,35),(16,25),(30,39),(19,74),(61,6),(78,64),
37:(11,3),(13,2),(13,5),(7,2),(9,5),(8,5),(5,3),(7,5),(27,13),(28,17),(30,20),(27,14),(32,16),(77,70),(79,54),(37,35),(81,20),(44,14),(32,15),(83,35),(17,25),(31,39),(20,74),(62,6),(78,63),
38:(12,3),(13,2),(13,5),(7,2),(9,5),(8,5),(6,3),(7,5),(27,12),(29,17),(31,20),(28,14),(32,17),(77,69),(78,54),(38,35),(81,21),(45,14),(32,14),(82,35),(18,25),(32,39),(20,73),(63,6),(77,63),
39:(12,3),(13,2),(13,5),(7,2),(10,5),(9,5),(6,3),(8,5),(27,12),(30,17),(31,20),(28,13),(32,18),(77,68),(77,54),(39,35),(81,22),(46,14),(33,14),(81,35),(18,24),(33,39),(20,72),(64,6),(77,62),
40:(12,3),(12,2),(13,6),(7,2),(10,5),(9,5),(7,3),(8,5),(27,11),(30,18),(31,20),(29,13),(32,19),(77,67),(76,54),(40,35),(81,23),(47,14),(34,14),(80,35),(18,23),(34,39),(20,71),(65,6),(77,61),
41:(12,3),(12,2),(13,6),(7,2),(11,5),(10,5),(7,3),(9,5),(27,10),(31,18),(31,20),(30,13),(32,20),(77,66),(75,54),(41,35),(80,23),(48,14),(35,14),(79,35),(19,23),(35,39),(20,70),(66,6),(77,60),
42:(12,3),(12,2),(13,6),(8,2),(11,5),(10,5),(8,3),(9,5),(27,9),(31,19),(31,20),(31,13),(32,21),(77,65),(74,54),(42,35),(80,24),(49,14),(36,14),(78,35),(20,23),(36,39),(21,70),(67,6),(77,59),
43:(12,2),(11,2),(13,7),(8,2),(12,5),(11,5),(8,3),(10,5),(27,8),(31,20),(31,21),(31,13),(32,21),(77,64),(73,54),(43,35),(79,24),(50,14),(37,14),(77,35),(20,22),(37,39),(21,69),(68,6),(77,58),
44:(12,2),(11,2),(13,7),(8,2),(12,5),(11,5),(9,3),(10,5),(27,7),(31,21),(30,21),(31,13),(32,21),(77,63),(72,54),(44,35),(79,25),(51,14),(38,14),(76,35),(21,22),(38,39),(22,69),(69,6),(77,57),
45:(12,2),(11,2),(13,7),(8,2),(13,5),(12,5),(9,3),(11,5),(27,7),(31,22),(31,21),(31,13),(32,21),(77,62),(71,54),(45,35),(79,26),(52,14),(39,14),(75,35),(21,21),(39,39),(22,68),(70,6),(77,56),
46:(11,2),(10,2),(13,8),(8,2),(13,5),(12,5),(10,3),(11,5),(27,7),(31,23),(31,21),(31,13),(32,21),(77,61),(70,54),(46,35),(78,26),(53,14),(40,14),(74,35),(21,20),(40,39),(22,67),(71,6),(77,55),
47:(11,2),(10,2),(13,8),(8,2),(14,5),(13,5),(10,3),(12,5),(27,7),(31,24),(31,21),(31,13),(32,21),(77,60),(69,54),(47,35),(77,26),(54,14),(41,14),(73,35),(22,20),(41,39),(23,67),(72,6),(77,54),
48:(11,2),(10,2),(13,8),(9,2),(14,5),(13,5),(11,3),(12,5),(27,7),(31,25),(31,21),(31,13),(32,21),(77,59),(68,54),(48,35),(76,26),(55,14),(42,14),(72,35),(22,19),(42,39),(24,67),(73,6),(76,54),
49:(11,2),(10,2),(13,8),(9,2),(14,5),(13,5),(11,3),(12,5),(27,7),(31,26),(31,21),(31,13),(32,21),(77,58),(67,54),(49,35),(75,26),(56,14),(43,14),(71,35),(22,18),(43,39),(25,67),(74,6),(75,54),
50:(11,2),(10,2),(13,8),(9,2),(14,5),(13,5),(11,3),(12,5),(27,7),(31,26),(31,21),(31,13),(32,21),(77,57),(66,54),(50,35),(75,27),(57,14),(44,14),(70,35),(22,17),(44,39),(25,66),(75,6),(74,54),
51:(11,2),(10,2),(13,8),(9,2),(13,5),(12,5),(11,3),(11,5),(27,7),(31,26),(31,21),(31,13),(32,21),(77,56),(65,54),(51,35),(74,27),(58,14),(45,14),(69,35),(22,16),(45,39),(25,65),(76,6),(73,54),
52:(11,2),(10,2),(13,8),(9,2),(13,5),(12,5),(11,3),(11,5),(27,7),(31,26),(31,21),(31,13),(32,21),(77,55),(64,54),(52,35),(74,28),(59,14),(46,14),(68,35),(23,16),(46,39),(26,65),(77,6),(72,54),
53:(11,2),(10,2),(13,8),(9,2),(13,5),(12,5),(11,3),(11,5),(27,7),(31,26),(31,21),(31,13),(32,21),(77,54),(63,54),(53,35),(74,29),(60,14),(47,14),(67,35),(23,15),(47,39),(27,65),(77,7),(71,54),
54:(11,2),(10,2),(13,8),(9,2),(13,5),(12,5),(11,3),(11,5),(27,7),(31,26),(31,21),(31,13),(32,21),(77,53),(62,54),(54,35),(73,29),(61,14),(48,14),(66,35),(23,14),(48,39),(27,64),(78,7),(70,54),
55:(11,2),(10,2),(13,8),(9,2),(13,5),(12,5),(11,3),(11,5),(27,7),(31,26),(31,21),(31,13),(32,21),(77,52),(61,54),(55,35),(72,29),(62,14),(49,14),(65,35),(23,13),(49,39),(27,63),(79,7),(69,54),
56:(11,2),(10,2),(13,8),(9,2),(13,5),(12,5),(11,3),(11,5),(27,7),(31,26),(31,21),(31,13),(32,21),(76,52),(60,54),(56,35),(71,29),(62,14),(50,14),(64,35),(23,12),(50,39),(27,62),(80,7),(68,54),
57:(11,2),(10,2),(13,8),(9,2),(13,5),(12,5),(11,3),(11,5),(27,7),(31,26),(31,21),(31,13),(32,21),(75,52),(59,54),(57,35),(70,29),(62,14),(51,14),(63,35),(24,12),(51,39),(27,61),(81,7),(67,54),
58:(11,2),(10,2),(13,8),(9,2),(12,5),(11,5),(11,3),(10,5),(27,7),(31,26),(31,21),(31,13),(32,21),(74,52),(58,54),(58,35),(69,29),(62,14),(52,14),(62,35),(24,11),(52,39),(27,60),(81,8),(66,54),
59:(11,2),(10,2),(13,8),(9,2),(12,5),(11,5),(11,3),(10,5),(27,7),(31,26),(31,21),(31,13),(32,21),(73,52),(57,54),(59,35),(68,29),(62,14),(53,14),(61,35),(25,11),(53,39),(27,59),(82,8),(65,54),
60:(11,2),(10,2),(13,8),(9,2),(12,5),(11,5),(11,3),(10,5),(27,7),(31,26),(31,21),(31,13),(32,21),(72,52),(56,54),(59,35),(67,29),(62,14),(54,14),(60,35),(26,11),(54,39),(27,58),(83,8),(64,54),
61:(11,2),(10,2),(13,8),(9,2),(12,5),(11,5),(11,3),(10,5),(27,7),(31,26),(31,21),(31,13),(32,21),(71,52),(55,54),(58,35),(66,29),(62,14),(55,14),(59,35),(27,11),(55,39),(27,57),(84,8),(63,54),
62:(11,2),(10,2),(13,8),(9,2),(12,5),(11,5),(11,3),(10,5),(27,7),(31,26),(31,21),(31,13),(32,21),(70,52),(54,54),(57,35),(65,29),(62,14),(56,14),(58,35),(27,10),(56,39),(27,56),(85,8),(62,54),
63:(11,2),(10,2),(13,8),(9,2),(11,5),(10,5),(11,3),(9,5),(27,7),(31,26),(31,21),(31,13),(32,21),(69,52),(53,54),(57,36),(64,29),(62,14),(57,14),(57,35),(27,9),(57,39),(27,55),(85,9),(61,54),
64:(11,2),(10,2),(13,8),(9,2),(11,5),(10,5),(11,3),(9,5),(27,7),(31,26),(31,21),(31,13),(32,21),(68,52),(52,54),(57,35),(63,29),(62,14),(58,14),(56,35),(27,8),(58,39),(27,54),(85,10),(60,54),
65:(11,2),(10,2),(13,8),(9,2),(11,5),(10,5),(11,3),(9,5),(27,7),(31,26),(31,21),(31,13),(32,21),(67,52),(51,54),(58,35),(62,29),(62,14),(59,14),(55,35),(27,7),(59,39),(28,54),(86,10),(59,54),
66:(11,2),(10,2),(13,8),(9,2),(11,5),(10,5),(11,3),(9,5),(27,7),(31,26),(31,21),(31,13),(32,21),(66,52),(50,54),(59,35),(61,29),(62,14),(60,14),(54,35),(27,6),(60,39),(29,54),(86,11),(58,54),
67:(11,2),(10,2),(13,8),(9,2),(11,5),(10,5),(11,3),(9,5),(27,7),(31,26),(31,21),(31,13),(32,21),(65,52),(49,54),(60,35),(60,29),(62,14),(61,14),(53,35),(28,6),(61,39),(30,54),(87,11),(57,54),
68:(11,1),(11,2),(13,8),(10,2),(10,5),(9,5),(12,3),(8,5),(27,7),(31,26),(31,21),(31,13),(32,21),(64,52),(48,54),(61,35),(59,29),(63,14),(62,14),(52,35),(29,6),(62,39),(31,54),(88,11),(56,54),
69:(11,1),(11,2),(13,8),(10,2),(10,5),(9,5),(12,3),(8,5),(27,7),(31,26),(31,21),(31,13),(32,21),(63,52),(47,54),(62,35),(58,29),(64,14),(63,14),(51,35),(30,6),(63,39),(32,54),(88,12),(55,54),
70:(11,1),(11,2),(13,8),(10,2),(10,5),(9,5),(13,3),(8,5),(27,7),(31,26),(31,21),(31,13),(32,21),(62,52),(46,54),(63,35),(57,29),(65,14),(64,14),(50,35),(30,5),(64,39),(33,54),(88,13),(54,54),
71:(11,2),(12,2),(13,8),(10,2),(10,5),(9,5),(13,3),(8,5),(27,7),(31,26),(31,21),(31,13),(32,21),(61,52),(45,54),(64,35),(56,29),(66,14),(65,14),(49,35),(30,4),(65,39),(34,54),(89,13),(53,54),
72:(11,2),(12,2),(13,8),(10,2),(10,5),(9,5),(13,3),(8,5),(27,7),(31,26),(31,21),(31,13),(32,21),(60,52),(44,54),(65,35),(55,29),(67,14),(66,14),(48,35),(31,4),(66,39),(35,54),(90,13),(52,54),
73:(11,2),(12,2),(13,8),(10,2),(9,5),(8,5),(13,3),(7,5),(27,7),(31,26),(31,21),(31,13),(32,21),(59,52),(43,54),(66,35),(54,29),(68,14),(67,14),(47,35),(32,4),(67,39),(36,54),(91,13),(51,54),
74:(11,2),(12,2),(13,8),(10,2),(9,5),(8,5),(13,3),(7,5),(27,7),(31,26),(31,21),(31,13),(32,21),(58,52),(42,54),(67,35),(53,29),(69,14),(68,14),(46,35),(32,3),(68,39),(37,54),(91,14),(50,54),
75:(12,2),(12,3),(13,8),(11,2),(9,5),(8,5),(14,3),(7,5),(27,7),(31,26),(31,21),(31,13),(32,21),(57,52),(41,54),(68,35),(52,29),(70,14),(69,14),(45,35),(33,3),(69,39),(38,54),(92,14),(49,54),
76:(12,2),(12,3),(13,8),(11,2),(9,5),(8,5),(14,3),(7,5),(27,7),(31,26),(31,21),(31,13),(32,21),(56,52),(40,54),(69,35),(51,29),(71,14),(70,14),(44,35),(34,3),(70,39),(39,54),(92,15),(48,54),
77:(12,2),(12,3),(13,8),(11,2),(9,5),(8,5),(14,3),(7,5),(27,7),(31,26),(31,21),(31,13),(32,21),(55,52),(41,54),(70,35),(50,29),(72,14),(71,14),(43,35),(35,3),(71,39),(40,54),(93,15),(47,54),
78:(11,2),(12,2),(13,8),(11,1),(8,5),(7,5),(14,3),(6,5),(27,7),(31,26),(31,21),(31,13),(32,21),(54,52),(42,54),(71,35),(49,29),(73,14),(72,14),(42,35),(36,3),(72,39),(41,54),(93,16),(46,54),
79:(11,2),(12,2),(13,8),(11,1),(8,5),(7,5),(14,3),(6,5),(27,7),(31,26),(31,21),(31,13),(32,21),(53,52),(43,54),(72,35),(48,29),(74,14),(73,14),(41,35),(37,3),(73,39),(42,54),(93,17),(45,54),
80:(11,2),(12,2),(13,8),(11,1),(8,5),(7,5),(14,3),(6,5),(27,7),(31,26),(31,21),(31,13),(32,21),(52,52),(44,54),(73,35),(47,29),(75,14),(74,14),(40,35),(38,3),(74,39),(43,54),(94,17),(45,54),
81:(11,2),(12,2),(13,8),(11,1),(8,5),(7,5),(14,3),(6,5),(27,7),(31,26),(31,21),(31,13),(32,21),(51,52),(45,54),(74,35),(46,29),(76,14),(75,14),(39,35),(39,3),(75,39),(44,54),(95,17),(46,54),
82:(12,2),(12,3),(13,8),(11,1),(8,5),(7,5),(15,3),(6,5),(27,6),(31,26),(31,21),(31,13),(32,21),(50,52),(46,54),(75,35),(45,29),(77,14),(76,14),(38,35),(40,3),(76,39),(45,54),(95,18),(47,54),
83:(12,2),(12,3),(13,8),(11,1),(7,5),(6,5),(15,3),(5,5),(27,6),(31,26),(31,21),(31,13),(32,21),(49,52),(47,54),(76,35),(44,29),(78,14),(77,14),(37,35),(41,3),(77,39),(46,54),(96,18),(48,54),
84:(12,2),(12,3),(13,8),(12,1),(7,5),(6,5),(15,3),(5,5),(27,6),(31,26),(31,21),(31,13),(32,21),(48,52),(48,54),(77,35),(43,29),(78,13),(78,14),(36,35),(42,3),(77,40),(47,54),(96,19),(49,54),
85:(12,2),(11,3),(13,8),(12,1),(7,5),(6,5),(15,3),(5,5),(27,6),(31,26),(31,21),(31,13),(32,21),(47,52),(49,54),(77,34),(42,29),(79,13),(79,14),(35,35),(43,3),(78,40),(48,54),(96,20),(50,54),
86:(12,2),(11,3),(13,8),(12,1),(7,5),(6,5),(15,3),(5,5),(27,6),(31,26),(31,21),(31,13),(32,21),(46,52),(50,54),(77,33),(41,29),(80,13),(79,13),(34,35),(44,3),(79,40),(49,54),(96,21),(51,54),
87:(12,2),(11,3),(13,8),(12,1),(7,5),(6,5),(15,3),(5,5),(27,6),(31,26),(31,21),(31,13),(32,21),(45,52),(51,54),(77,32),(40,29),(80,13),(79,12),(33,35),(45,3),(80,40),(50,54),(96,22),(52,54),
88:(11,2),(12,3),(13,8),(12,2),(6,5),(5,5),(14,3),(4,5),(27,7),(31,26),(31,21),(31,13),(32,21),(44,52),(52,54),(78,32),(39,29),(80,13),(80,12),(32,35),(46,3),(80,40),(51,54),(96,23),(53,54),
89:(11,2),(12,3),(13,8),(12,2),(6,5),(5,5),(14,3),(4,5),(27,7),(31,26),(31,21),(31,13),(32,21),(43,52),(53,54),(79,32),(38,29),(80,13),(81,12),(31,35),(47,3),(80,40),(52,54),(96,24),(54,54),
90:(11,2),(12,3),(13,8),(12,2),(6,5),(5,5),(14,3),(4,5),(27,7),(31,26),(31,21),(31,13),(32,21),(42,52),(54,54),(80,32),(37,29),(80,13),(82,12),(30,35),(48,3),(80,40),(53,54),(96,25),(55,54),
91:(10,2),(12,2),(13,8),(11,2),(6,5),(5,5),(13,3),(4,5),(27,7),(31,26),(31,21),(31,13),(32,21),(41,52),(55,54),(80,32),(36,29),(80,13),(83,12),(29,35),(49,3),(80,40),(54,54),(96,26),(56,54),
92:(10,2),(12,2),(13,8),(11,2),(6,5),(5,5),(13,3),(4,5),(27,7),(31,26),(31,21),(31,13),(32,21),(40,52),(56,54),(80,32),(35,29),(80,13),(84,12),(28,35),(50,3),(80,40),(55,54),(96,27),(57,54),
93:(10,2),(12,2),(13,8),(11,2),(5,5),(4,5),(13,3),(3,5),(27,7),(31,26),(31,21),(31,13),(32,21),(39,52),(57,54),(80,32),(34,29),(80,13),(84,11),(27,35),(51,3),(80,40),(56,54),(96,28),(58,54),
94:(10,2),(11,2),(13,8),(11,3),(5,5),(4,5),(13,3),(3,5),(28,7),(31,26),(31,21),(31,13),(32,21),(38,52),(58,54),(80,32),(33,29),(80,13),(84,10),(26,35),(52,3),(80,40),(57,54),(96,29),(59,54),
95:(10,2),(11,2),(13,8),(11,3),(5,5),(4,4),(13,3),(4,5),(28,6),(31,26),(31,21),(31,13),(32,21),(37,52),(59,54),(80,32),(32,29),(80,13),(84,9),(26,34),(53,3),(80,40),(58,54),(96,30),(60,54),
96:(10,2),(11,2),(13,8),(11,3),(5,5),(4,4),(13,3),(4,5),(28,6),(31,26),(31,21),(31,13),(32,21),(36,52),(60,54),(80,32),(31,29),(80,13),(85,9),(25,34),(54,3),(80,40),(59,54),(96,31),(61,54),
97:(10,2),(11,2),(13,8),(11,3),(5,5),(4,4),(13,3),(4,5),(28,6),(31,26),(31,21),(31,13),(32,21),(35,52),(61,54),(80,32),(30,29),(80,13),(86,9),(24,34),(55,3),(80,40),(60,54),(96,32),(62,54),
98:(10,2),(11,2),(13,8),(11,3),(4,5),(4,4),(13,3),(3,5),(28,6),(31,26),(31,21),(31,13),(32,21),(34,52),(62,54),(80,32),(29,29),(80,13),(86,8),(23,34),(56,3),(80,40),(61,54),(96,33),(63,54),
99:(10,2),(11,2),(13,8),(11,3),(4,5),(4,4),(13,3),(3,5),(28,6),(31,26),(31,21),(31,13),(32,21),(33,52),(63,54),(80,32),(28,29),(80,13),(87,8),(23,33),(57,3),(80,40),(62,54),(96,34),(64,54),
100:(10,2),(11,2),(13,8),(11,3),(4,4),(3,4),(13,3),(4,5),(28,6),(31,26),(31,21),(31,13),(32,21),(32,52),(64,54),(80,32),(27,29),(80,13),(88,8),(22,33),(58,3),(80,40),(63,54),(96,35),(65,54),
101:(10,2),(11,2),(13,8),(11,3),(4,4),(3,4),(13,3),(4,5),(28,6),(31,26),(31,21),(31,13),(32,21),(31,52),(65,54),(80,32),(26,29),(80,13),(89,8),(21,33),(59,3),(80,40),(64,54),(96,36),(66,54),
102:(10,2),(11,2),(13,8),(11,3),(3,4),(3,5),(13,3),(4,5),(28,6),(31,26),(31,21),(31,13),(32,21),(30,52),(66,54),(80,32),(25,29),(80,13),(89,7),(20,33),(60,3),(80,40),(65,54),(96,37),(67,54),
103:(10,2),(11,2),(13,8),(11,3),(3,4),(3,5),(13,3),(5,5),(28,6),(31,26),(31,21),(31,13),(32,21),(29,52),(67,54),(80,32),(25,30),(80,13),(89,6),(19,33),(61,3),(80,40),(66,54),(96,38),(68,54),
104:(10,2),(11,2),(13,8),(11,3),(2,4),(4,5),(13,3),(5,5),(28,6),(31,26),(31,21),(31,13),(32,21),(28,52),(68,54),(80,32),(25,31),(80,13),(89,5),(18,33),(62,3),(80,40),(67,54),(96,39),(69,54),
105:(10,2),(11,2),(13,8),(11,3),(2,4),(4,5),(13,3),(6,5),(28,6),(31,26),(31,21),(31,13),(32,21),(27,52),(69,54),(80,32),(25,32),(80,13),(89,5),(18,33),(63,3),(80,40),(68,54),(96,40),(70,54),
106:(10,2),(11,2),(13,8),(11,3),(1,4),(5,5),(13,3),(6,5),(28,6),(31,26),(31,21),(31,13),(32,21),(26,52),(70,54),(80,32),(25,33),(80,13),(89,5),(18,33),(64,3),(80,40),(69,54),(96,41),(71,54),
107:(10,2),(11,2),(13,8),(11,3),(1,4),(5,5),(13,3),(7,5),(28,6),(31,26),(31,21),(31,13),(32,21),(26,51),(71,54),(80,32),(24,33),(80,13),(89,5),(18,33),(65,3),(80,40),(70,54),(96,42),(72,54),
108:(10,2),(11,2),(13,8),(11,3),(1,5),(6,5),(13,3),(7,5),(28,6),(31,26),(31,21),(31,13),(32,21),(26,50),(72,54),(80,32),(23,33),(80,13),(89,5),(18,33),(66,3),(80,40),(71,54),(96,43),(73,54),
109:(10,2),(11,2),(13,8),(11,3),(1,5),(6,5),(13,3),(8,5),(28,6),(31,26),(31,21),(31,13),(32,21),(25,50),(73,54),(80,32),(23,34),(80,13),(89,5),(18,33),(67,3),(80,40),(72,54),(96,44),(74,54),
110:(10,2),(11,2),(13,8),(11,3),(0,5),(7,5),(13,3),(8,5),(28,6),(31,26),(31,21),(31,13),(32,21),(25,49),(74,54),(80,32),(22,34),(80,13),(89,5),(18,33),(68,3),(80,40),(73,54),(96,45),(75,54),
111:(10,2),(11,2),(13,8),(11,3),(0,5),(7,5),(13,3),(9,5),(28,6),(31,26),(31,21),(31,13),(32,21),(24,49),(75,54),(80,32),(22,35),(80,13),(89,5),(18,33),(69,3),(80,40),(74,54),(96,46),(76,54),
112:(10,2),(11,2),(13,8),(11,3),(0,5),(8,5),(13,3),(9,5),(28,6),(31,26),(31,21),(31,13),(32,21),(23,49),(76,54),(80,32),(21,35),(80,13),(89,5),(18,33),(70,3),(80,40),(75,54),(96,47),(77,54),
113:(10,2),(11,2),(13,8),(11,3),(0,5),(8,5),(13,3),(10,5),(28,6),(31,26),(31,21),(31,13),(32,21),(23,48),(77,54),(80,32),(21,36),(80,13),(89,5),(18,33),(71,3),(80,40),(76,54),(96,48),(77,55),
114:(10,2),(11,2),(13,8),(11,3),(0,5),(9,5),(13,3),(10,5),(28,6),(31,26),(31,21),(31,13),(32,21),(22,48),(77,55),(80,32),(20,36),(80,13),(89,5),(18,33),(72,3),(80,40),(77,54),(96,49),(78,55),
115:(10,2),(11,2),(13,8),(11,3),(0,5),(9,5),(13,3),(11,5),(28,6),(31,26),(31,21),(31,13),(32,21),(22,47),(77,54),(80,32),(20,37),(80,13),(89,5),(18,33),(73,3),(80,40),(77,53),(96,50),(78,54),
116:(10,2),(11,2),(13,8),(11,3),(0,5),(10,5),(13,3),(11,5),(28,6),(31,26),(31,21),(31,13),(32,21),(22,46),(76,54),(80,32),(19,37),(80,13),(89,5),(18,33),(74,3),(80,40),(77,52),(96,51),(77,54),
117:(10,2),(11,2),(13,8),(11,3),(0,5),(10,5),(13,3),(12,5),(28,6),(31,26),(31,21),(31,13),(32,21),(21,46),(75,54),(80,32),(19,38),(80,13),(89,5),(18,33),(75,3),(80,40),(77,51),(96,52),(76,54),
118:(10,2),(11,2),(13,8),(11,3),(0,5),(11,5),(13,3),(12,5),(28,6),(31,26),(31,21),(31,13),(32,21),(21,45),(74,54),(80,32),(19,39),(80,13),(89,5),(18,33),(76,3),(80,40),(77,50),(96,53),(75,54),
119:(10,2),(11,2),(13,8),(11,3),(0,5),(11,5),(13,3),(13,5),(28,6),(31,26),(31,21),(31,13),(32,21),(20,45),(73,54),(80,32),(18,39),(80,13),(89,5),(18,33),(77,3),(80,40),(78,50),(96,54),(74,54),
120:(10,2),(11,2),(13,8),(11,3),(0,5),(12,5),(13,3),(13,5),(28,6),(31,26),(31,21),(31,13),(32,21),(19,45),(72,54),(80,32),(18,40),(80,13),(89,5),(18,33),(78,3),(80,40),(78,49),(96,55),(73,54),
121:(10,2),(11,2),(14,8),(11,3),(0,5),(12,5),(13,3),(14,5),(28,6),(31,26),(31,20),(31,13),(32,21),(18,45),(71,54),(80,32),(18,41),(80,13),(89,5),(18,33),(79,3),(80,40),(78,48),(96,56),(72,54),
122:(10,2),(11,2),(14,8),(11,3),(0,5),(13,5),(13,3),(14,5),(28,6),(31,26),(31,20),(31,13),(32,21),(18,45),(70,54),(80,32),(18,42),(80,13),(89,5),(18,33),(79,3),(80,40),(79,48),(96,57),(71,54),
123:(10,2),(12,2),(14,8),(11,2),(0,5),(13,5),(13,3),(15,5),(28,7),(31,26),(31,20),(31,13),(32,21),(18,45),(69,54),(80,32),(17,42),(80,13),(89,5),(18,33),(79,3),(80,40),(80,48),(96,58),(70,54),
124:(10,2),(12,2),(14,9),(11,2),(0,5),(14,5),(13,3),(15,5),(27,7),(31,26),(31,20),(31,13),(31,21),(18,45),(68,54),(80,32),(17,43),(80,13),(89,5),(18,33),(79,3),(80,40),(80,47),(96,59),(69,54),
125:(10,2),(12,2),(14,9),(11,2),(0,5),(14,5),(13,3),(16,5),(27,7),(31,26),(31,20),(31,13),(31,21),(18,45),(67,54),(80,32),(16,43),(80,13),(89,5),(18,33),(79,3),(80,40),(81,47),(96,60),(68,54),
126:(10,2),(12,2),(14,9),(11,2),(0,5),(15,5),(13,3),(16,5),(27,7),(31,26),(31,20),(31,13),(31,21),(18,45),(66,54),(80,32),(15,43),(80,13),(89,5),(18,33),(79,3),(80,40),(82,47),(96,61),(67,54),
127:(10,2),(12,2),(14,10),(11,2),(0,5),(15,5),(13,3),(17,5),(27,7),(31,26),(31,20),(31,13),(32,21),(18,45),(65,54),(80,32),(14,43),(80,13),(89,5),(18,33),(79,3),(80,40),(83,47),(96,62),(66,54),
128:(10,2),(11,2),(14,10),(11,3),(0,5),(14,5),(13,3),(17,5),(28,7),(31,26),(31,20),(31,13),(32,22),(18,45),(64,54),(80,32),(13,43),(80,13),(89,5),(18,33),(79,3),(80,40),(83,46),(96,63),(65,54),
129:(10,2),(11,2),(14,10),(11,3),(0,5),(14,5),(13,3),(18,5),(28,6),(31,26),(31,20),(31,13),(32,22),(18,45),(63,54),(80,32),(12,43),(80,13),(89,5),(18,33),(79,3),(80,40),(84,46),(96,64),(64,54),
130:(10,2),(11,2),(14,11),(11,3),(0,5),(14,5),(13,3),(18,5),(28,6),(31,26),(31,20),(31,13),(32,22),(18,45),(62,54),(80,32),(11,43),(80,13),(89,5),(18,33),(79,3),(80,40),(84,45),(96,65),(63,54),
131:(10,2),(11,2),(14,11),(11,3),(0,5),(14,5),(13,3),(18,5),(28,6),(31,26),(31,20),(31,13),(33,22),(18,45),(61,54),(80,32),(10,43),(80,13),(89,5),(18,33),(79,3),(80,40),(84,44),(96,66),(62,54),
132:(10,2),(11,2),(14,11),(11,3),(0,5),(14,5),(13,3),(18,5),(28,6),(31,26),(31,20),(31,13),(33,21),(18,45),(60,54),(80,32),(9,43),(80,13),(89,5),(18,33),(79,3),(80,40),(85,44),(96,67),(61,54),
133:(10,2),(11,2),(14,12),(11,3),(0,5),(14,5),(13,3),(18,5),(28,6),(31,26),(31,20),(31,13),(32,21),(18,45),(59,54),(80,32),(9,44),(80,13),(89,5),(18,33),(79,3),(80,40),(85,43),(96,68),(60,54),
134:(10,2),(11,2),(14,12),(11,3),(0,5),(14,5),(13,3),(18,5),(28,6),(31,26),(31,20),(31,13),(32,21),(18,45),(58,54),(80,32),(9,45),(80,13),(89,5),(18,33),(79,3),(80,40),(86,43),(96,69),(59,54),
135:(10,2),(11,2),(14,12),(11,3),(0,5),(14,5),(13,3),(18,5),(28,6),(31,26),(31,20),(31,13),(32,21),(18,45),(57,54),(80,32),(9,46),(80,13),(89,5),(18,33),(79,3),(80,40),(87,43),(96,70),(58,54),
136:(10,2),(11,2),(14,13),(11,3),(0,5),(14,5),(13,3),(18,5),(28,6),(31,26),(31,20),(31,13),(32,21),(18,45),(56,54),(80,32),(9,47),(80,13),(89,5),(18,33),(79,3),(80,40),(88,43),(96,71),(57,54),
137:(10,2),(11,2),(14,13),(11,3),(0,5),(14,5),(13,3),(18,5),(28,6),(31,26),(31,20),(31,13),(32,21),(18,45),(55,54),(80,32),(9,48),(80,13),(89,5),(18,33),(79,3),(80,40),(88,42),(96,72),(56,54),
138:(10,2),(11,2),(14,13),(11,3),(0,5),(14,5),(13,3),(18,5),(28,6),(31,26),(31,20),(31,13),(32,21),(18,45),(54,54),(80,32),(9,49),(80,13),(89,5),(18,33),(79,3),(80,40),(89,42),(96,73),(55,54),
139:(10,2),(11,2),(13,13),(11,3),(0,5),(14,5),(13,3),(18,5),(28,6),(31,26),(31,20),(31,13),(32,21),(18,45),(53,54),(80,32),(9,50),(80,13),(89,5),(18,33),(79,3),(80,40),(90,42),(96,74),(54,54),
140:(10,2),(11,2),(13,13),(11,3),(0,5),(14,5),(13,3),(18,5),(28,6),(31,26),(31,20),(31,13),(32,21),(18,45),(52,54),(80,32),(9,51),(80,13),(89,5),(18,33),(79,3),(80,40),(90,41),(96,75),(53,54),
141:(10,2),(11,2),(13,13),(11,3),(0,5),(14,5),(13,3),(18,5),(28,6),(31,26),(31,20),(31,13),(32,21),(18,45),(51,54),(80,32),(9,52),(80,13),(89,5),(18,33),(79,3),(80,40),(91,41),(96,76),(52,54),
142:(10,2),(11,2),(13,13),(11,3),(0,5),(14,5),(13,3),(18,5),(28,6),(31,26),(31,20),(31,13),(32,21),(18,45),(50,54),(80,32),(9,53),(80,13),(89,5),(18,33),(79,3),(80,40),(91,40),(96,77),(51,54),
143:(10,2),(11,2),(13,13),(11,3),(0,5),(14,5),(13,3),(18,5),(28,6),(31,26),(31,20),(31,13),(32,21),(18,45),(49,54),(80,32),(9,54),(80,13),(89,5),(18,33),(79,3),(80,40),(91,39),(96,78),(50,54),
144:(10,2),(11,2),(13,13),(11,3),(0,5),(14,5),(13,3),(18,5),(28,6),(31,26),(31,20),(31,13),(32,21),(18,45),(48,54),(80,32),(9,55),(80,13),(89,5),(18,33),(79,3),(80,40),(91,38),(96,79),(49,54),
145:(10,2),(11,2),(13,13),(11,3),(0,5),(14,5),(13,3),(18,5),(28,6),(31,26),(31,20),(31,13),(32,21),(18,45),(47,54),(80,32),(9,56),(80,13),(89,5),(18,33),(79,3),(80,40),(92,38),(96,80),(48,54),
146:(10,2),(11,2),(13,13),(11,3),(0,5),(14,5),(13,3),(18,5),(28,6),(31,26),(31,20),(31,13),(32,21),(18,45),(46,54),(80,32),(9,57),(80,13),(89,5),(18,33),(79,3),(80,40),(93,38),(96,81),(47,54),
147:(10,2),(11,2),(13,13),(11,3),(0,5),(14,5),(13,3),(18,5),(28,6),(31,26),(31,20),(31,13),(32,21),(18,45),(45,54),(80,32),(9,58),(80,13),(89,5),(18,33),(79,3),(80,40),(93,37),(96,82),(46,54),
148:(10,2),(11,2),(13,13),(11,3),(0,5),(14,5),(13,3),(18,5),(28,6),(31,26),(31,20),(31,13),(32,21),(18,45),(44,54),(80,32),(9,59),(80,13),(89,5),(18,33),(79,3),(80,40),(93,36),(96,83),(45,54),
149:(10,2),(11,2),(13,13),(11,3),(0,5),(14,5),(13,3),(18,5),(28,6),(31,26),(31,20),(31,13),(32,21),(18,45),(43,54),(80,32),(9,60),(80,13),(89,5),(18,33),(79,3),(80,40),(93,35),(96,84),(44,54),
150:(10,2),(11,2),(13,13),(11,3),(0,5),(14,5),(13,3),(18,5),(28,6),(31,26),(31,20),(31,13),(32,21),(18,45),(42,54),(80,32),(9,61),(80,13),(89,5),(18,33),(79,3),(80,40),(94,35),(96,85),(43,54),
151:(10,2),(11,2),(13,13),(11,3),(0,5),(14,5),(13,3),(18,5),(28,6),(31,26),(31,20),(31,13),(32,21),(18,45),(41,54),(80,32),(9,62),(80,13),(89,5),(18,33),(79,3),(80,40),(95,35),(96,86),(42,54),
152:(10,2),(11,2),(13,13),(11,3),(0,5),(14,5),(13,3),(18,5),(28,6),(31,26),(31,20),(31,13),(32,21),(18,45),(40,54),(80,32),(9,63),(80,13),(89,5),(18,33),(79,3),(80,40),(95,34),(96,87),(41,54),
153:(10,2),(11,2),(13,13),(11,3),(0,5),(14,5),(13,3),(18,5),(28,6),(31,26),(31,20),(31,13),(32,21),(18,45),(39,54),(80,32),(9,64),(80,13),(89,5),(18,33),(79,3),(80,40),(95,33),(96,88),(40,54),
154:(10,2),(11,2),(13,13),(11,3),(0,5),(14,5),(13,3),(18,5),(28,6),(31,26),(31,20),(31,13),(32,21),(18,45),(38,54),(80,32),(9,65),(80,13),(89,5),(18,33),(79,3),(80,40),(96,33),(96,89),(39,54),
155:(10,2),(11,2),(13,13),(11,3),(0,5),(14,5),(13,3),(18,5),(28,6),(31,26),(31,20),(31,13),(32,21),(18,45),(37,54),(80,32),(9,66),(80,13),(89,5),(18,33),(79,3),(80,40),(96,32),(96,90),(38,54),
156:(10,2),(11,2),(14,13),(11,3),(0,5),(14,5),(13,3),(18,5),(28,6),(31,26),(31,20),(31,13),(32,21),(18,45),(36,54),(80,32),(9,67),(80,13),(89,5),(18,33),(79,3),(80,40),(96,31),(96,91),(37,54),
157:(10,2),(11,2),(14,13),(11,3),(0,5),(14,5),(13,3),(18,5),(28,6),(31,26),(31,20),(31,13),(32,21),(18,45),(35,54),(80,32),(9,68),(80,13),(89,5),(18,33),(79,3),(80,40),(97,31),(96,92),(36,54),
158:(10,2),(11,2),(14,13),(11,3),(0,5),(14,5),(13,3),(18,5),(28,6),(31,26),(31,20),(31,13),(32,21),(18,45),(34,54),(80,32),(9,69),(80,13),(89,5),(18,33),(79,3),(80,40),(98,31),(96,93),(35,54),
159:(10,2),(11,2),(14,13),(11,3),(0,5),(14,5),(13,3),(18,5),(28,6),(31,26),(31,20),(31,13),(32,21),(18,45),(33,54),(80,32),(9,70),(80,13),(89,5),(18,33),(79,3),(80,40),(99,31),(96,94),(34,54),
160:(10,2),(11,2),(14,13),(11,3),(0,5),(14,5),(13,3),(18,5),(28,6),(31,26),(31,20),(31,13),(32,21),(18,45),(32,54),(80,32),(9,71),(80,13),(89,5),(18,33),(79,3),(80,40),(99,31),(96,95),(33,54),
161:(10,2),(11,2),(14,13),(11,3),(0,5),(14,5),(13,3),(18,5),(28,6),(31,26),(31,20),(31,13),(32,21),(18,45),(31,54),(80,32),(9,72),(80,13),(89,5),(18,33),(79,3),(80,40),(99,31),(96,96),(32,54),
162:(10,2),(11,2),(14,13),(11,3),(0,5),(14,5),(13,3),(18,5),(28,6),(31,26),(31,20),(31,13),(32,21),(18,45),(30,54),(80,32),(9,73),(80,13),(89,5),(18,33),(79,3),(80,40),(99,31),(96,97),(31,54),
163:(10,2),(11,2),(13,13),(11,3),(0,5),(14,5),(13,3),(18,5),(28,6),(31,26),(31,20),(31,13),(32,21),(18,45),(29,54),(80,32),(9,74),(80,13),(89,5),(18,33),(79,3),(80,40),(99,31),(96,98),(30,54),
164:(10,2),(11,2),(13,13),(11,3),(0,5),(14,5),(13,3),(18,5),(28,6),(31,26),(31,20),(31,13),(32,21),(18,45),(28,54),(80,32),(9,75),(80,13),(89,5),(18,33),(79,3),(80,40),(99,31),(96,99),(29,54),
165:(10,2),(11,2),(13,13),(11,3),(0,5),(14,5),(13,3),(18,5),(28,6),(31,26),(31,20),(31,13),(32,21),(18,45),(27,54),(80,32),(9,76),(80,13),(89,5),(18,33),(79,3),(80,40),(99,31),(96,99),(28,54),
166:(10,2),(11,2),(13,13),(11,3),(0,5),(14,5),(13,3),(18,5),(28,6),(31,26),(31,20),(31,13),(32,21),(18,45),(27,55),(80,32),(9,76),(80,13),(89,5),(18,33),(79,3),(80,40),(99,31),(96,99),(27,54),
167:(10,2),(11,2),(13,13),(11,3),(0,5),(14,5),(13,3),(18,5),(28,6),(31,26),(31,20),(31,13),(32,21),(18,45),(27,56),(80,32),(9,76),(80,13),(89,5),(18,33),(79,3),(80,40),(99,31),(96,99),(27,55),
168:(10,2),(11,2),(13,13),(11,3),(0,5),(14,5),(13,3),(18,5),(28,6),(31,26),(31,20),(31,13),(32,21),(18,45),(27,57),(80,32),(9,76),(80,13),(89,5),(18,33),(79,3),(80,40),(99,31),(96,99),(26,55),
169:(10,2),(11,2),(13,13),(11,3),(0,5),(14,5),(13,3),(18,5),(28,6),(31,26),(31,20),(31,13),(32,21),(18,45),(27,58),(80,32),(9,76),(80,13),(89,5),(18,33),(79,3),(80,40),(99,31),(96,99),(25,55),
170:(10,2),(11,2),(13,13),(11,3),(0,5),(14,5),(13,3),(18,5),(28,6),(31,26),(31,20),(31,13),(32,21),(18,45),(27,59),(80,32),(9,76),(80,13),(89,5),(18,33),(79,3),(80,40),(99,31),(96,99),(24,55),
171:(10,2),(11,2),(13,13),(11,3),(0,5),(14,5),(13,3),(18,5),(28,6),(31,26),(31,20),(31,13),(32,21),(18,45),(27,60),(80,32),(9,76),(80,13),(89,5),(18,33),(79,3),(80,40),(99,31),(96,99),(24,56),
172:(10,2),(11,2),(13,13),(11,3),(0,5),(14,5),(13,3),(18,5),(28,6),(31,26),(31,20),(31,13),(32,21),(18,45),(27,61),(80,32),(9,76),(80,13),(89,5),(18,33),(79,3),(80,40),(99,31),(96,99),(23,56),
173:(10,2),(11,2),(13,13),(11,3),(0,5),(14,5),(13,3),(18,5),(28,6),(31,26),(31,20),(31,13),(32,21),(18,45),(27,62),(80,32),(9,76),(80,13),(89,5),(18,33),(79,3),(80,40),(99,31),(96,99),(22,56),
174:(10,2),(11,2),(13,13),(11,3),(0,5),(14,5),(13,3),(18,5),(28,6),(31,26),(31,20),(31,13),(32,21),(18,45),(27,63),(80,32),(9,76),(80,13),(89,5),(18,33),(79,3),(80,40),(99,31),(96,99),(21,56),
175:(10,2),(11,2),(13,13),(11,3),(0,5),(14,5),(13,3),(18,5),(28,6),(31,26),(31,20),(31,13),(32,21),(18,45),(27,64),(80,32),(9,76),(80,13),(89,5),(18,33),(79,3),(80,40),(99,31),(96,99),(21,57),
176:(10,2),(11,2),(13,13),(11,3),(0,5),(14,5),(13,3),(18,5),(28,6),(31,26),(31,20),(31,13),(32,21),(18,45),(27,65),(80,32),(9,76),(80,13),(89,5),(18,33),(79,3),(80,40),(99,31),(96,99),(21,58),
177:(10,2),(11,2),(13,13),(11,3),(0,5),(14,5),(13,3),(18,5),(28,6),(31,26),(31,20),(31,13),(32,21),(18,45),(27,66),(80,32),(9,76),(80,13),(89,5),(18,33),(79,3),(80,40),(99,31),(96,99),(20,58),
178:(10,2),(11,2),(13,13),(11,3),(0,5),(14,5),(13,3),(18,5),(28,6),(31,26),(31,20),(31,13),(32,21),(18,45),(27,66),(80,32),(9,76),(80,13),(89,5),(18,33),(79,3),(80,40),(99,31),(96,99),(19,58),
179:(10,2),(11,2),(13,13),(11,3),(0,5),(14,5),(13,3),(18,5),(28,6),(31,26),(31,20),(31,13),(32,21),(18,45),(27,66),(80,32),(9,76),(80,13),(89,5),(18,33),(79,3),(80,40),(99,31),(96,99),(18,58),
180:(10,2),(11,2),(13,13),(11,3),(0,5),(14,5),(13,3),(18,5),(28,6),(31,26),(31,20),(31,13),(32,21),(18,45),(27,66),(80,32),(9,76),(80,13),(89,5),(18,33),(79,3),(80,40),(99,31),(96,99),(18,59),
181:(10,2),(11,2),(13,13),(11,3),(0,5),(14,5),(13,3),(18,5),(28,6),(31,26),(31,20),(31,13),(32,21),(18,45),(27,66),(80,32),(9,76),(80,13),(89,5),(18,33),(79,3),(80,40),(99,31),(96,99),(17,59),
182:(10,2),(11,2),(13,13),(11,3),(0,5),(14,5),(13,3),(18,5),(28,6),(31,26),(31,20),(31,13),(32,21),(18,45),(27,66),(80,32),(9,76),(80,13),(89,5),(18,33),(79,3),(80,40),(99,31),(96,99),(17,60),
183:(10,2),(11,2),(13,13),(11,3),(0,5),(14,5),(13,3),(18,5),(28,6),(31,26),(31,20),(31,13),(32,21),(18,45),(27,66),(80,32),(9,76),(80,13),(89,5),(18,33),(79,3),(80,40),(99,31),(96,99),(17,61),
184:(10,2),(11,2),(13,13),(11,3),(0,5),(14,5),(13,3),(18,5),(28,6),(31,26),(31,20),(31,13),(32,21),(18,45),(27,66),(80,32),(9,76),(80,13),(89,5),(18,33),(79,3),(80,40),(99,31),(96,99),(17,62),
185:(10,2),(11,2),(13,13),(11,3),(0,5),(14,5),(13,3),(18,5),(28,6),(31,26),(31,20),(31,13),(32,21),(18,45),(27,66),(80,32),(9,76),(80,13),(89,5),(18,33),(79,3),(80,40),(99,31),(96,99),(17,63),
186:(10,2),(11,2),(13,13),(11,3),(0,5),(14,5),(13,3),(18,5),(28,6),(31,26),(31,20),(31,13),(32,21),(18,45),(27,66),(80,32),(9,76),(80,13),(89,5),(18,33),(79,3),(80,40),(99,31),(96,99),(17,64),
187:(10,2),(11,2),(13,13),(11,3),(0,5),(14,5),(13,3),(18,5),(28,6),(31,26),(31,20),(31,13),(32,21),(18,45),(27,66),(80,32),(9,76),(80,13),(89,5),(18,33),(79,3),(80,40),(99,31),(96,99),(17,65),
188:(10,2),(11,2),(13,13),(11,3),(0,5),(14,5),(13,3),(18,5),(28,6),(31,26),(31,20),(31,13),(32,21),(18,45),(27,66),(80,32),(9,76),(80,13),(89,5),(18,33),(79,3),(80,40),(99,31),(96,99),(17,66),
189:(10,2),(11,2),(13,13),(11,3),(0,5),(14,5),(13,3),(18,5),(28,6),(31,26),(31,20),(31,13),(32,21),(18,45),(27,66),(80,32),(9,76),(80,13),(89,5),(18,33),(79,3),(80,40),(99,31),(96,99),(17,67),
190:(10,2),(11,2),(13,13),(11,3),(0,5),(14,5),(13,3),(18,5),(28,6),(31,26),(31,20),(31,13),(32,21),(18,45),(27,66),(80,32),(9,76),(80,13),(89,5),(18,33),(79,3),(80,40),(99,31),(96,99),(16,67),
191:(10,2),(11,2),(13,13),(11,3),(0,5),(14,5),(13,3),(18,5),(28,6),(31,26),(31,20),(31,13),(32,21),(18,45),(27,66),(80,32),(9,76),(80,13),(89,5),(18,33),(79,3),(80,40),(99,31),(96,99),(15,67),
192:(10,2),(11,2),(13,13),(11,3),(0,5),(14,5),(13,3),(18,5),(28,6),(31,26),(31,20),(31,13),(32,21),(18,45),(27,66),(80,32),(9,76),(80,13),(89,5),(18,33),(79,3),(80,40),(99,31),(96,99),(14,67),
193:(10,2),(11,2),(13,13),(11,3),(0,5),(14,5),(13,3),(18,5),(28,6),(31,26),(31,20),(31,13),(32,21),(18,45),(27,66),(80,32),(9,76),(80,13),(89,5),(18,33),(79,3),(80,40),(99,31),(96,99),(13,67),
194:(10,2),(11,2),(13,13),(11,3),(0,5),(14,5),(13,3),(18,5),(28,6),(31,26),(31,20),(31,13),(32,21),(18,45),(27,66),(80,32),(9,76),(80,13),(89,5),(18,33),(79,3),(80,40),(99,31),(96,99),(12,67),
195:(10,2),(11,2),(13,13),(11,3),(0,5),(14,5),(13,3),(18,5),(28,6),(31,26),(31,20),(31,13),(32,21),(18,45),(27,66),(80,32),(9,76),(80,13),(89,5),(18,33),(79,3),(80,40),(99,31),(96,99),(11,67),
196:(10,2),(11,2),(13,13),(11,3),(0,5),(14,5),(12,3),(18,5),(28,6),(31,26),(31,20),(31,13),(32,21),(18,45),(27,66),(80,32),(9,76),(80,13),(89,5),(18,33),(79,3),(80,40),(99,31),(96,99),(11,67),
197:(10,2),(11,2),(13,13),(11,3),(0,5),(14,5),(12,3),(18,5),(28,6),(31,26),(31,20),(31,13),(32,21),(18,45),(27,66),(80,32),(9,76),(80,13),(89,5),(18,33),(79,3),(80,40),(99,31),(96,99),(11,67),
198:(9,2),(10,2),(13,13),(11,2),(0,5),(15,5),(11,3),(18,5),(28,6),(31,26),(31,20),(31,13),(32,21),(18,45),(27,66),(80,32),(9,76),(80,13),(89,5),(18,33),(79,3),(80,40),(99,31),(96,99),(11,67),
199:(9,2),(10,2),(13,13),(11,2),(0,5),(15,5),(11,3),(18,5),(28,6),(31,26),(31,20),(31,13),(32,21),(18,45),(27,66),(80,32),(9,76),(80,13),(89,5),(18,33),(79,3),(80,40),(99,31),(96,99),(11,67),
200:(9,2),(10,2),(13,13),(11,2),(0,5),(16,5),(11,3),(18,5),(28,6),(31,26),(31,20),(31,13),(32,21),(18,45),(27,66),(80,32),(9,76),(80,13),(89,5),(18,33),(79,3),(80,40),(99,31),(96,99),(11,67),
201:(8,2),(9,2),(13,13),(10,2),(0,5),(16,5),(10,3),(18,5),(27,6),(31,26),(31,20),(31,13),(32,21),(18,45),(27,66),(80,32),(9,76),(80,13),(89,5),(18,33),(79,3),(80,40),(99,31),(96,99),(11,67),
202:(8,2),(9,2),(13,13),(10,2),(0,5),(17,5),(10,3),(18,5),(27,6),(31,26),(31,20),(31,13),(32,21),(18,45),(27,66),(80,32),(9,76),(80,13),(89,5),(18,33),(79,3),(80,40),(99,31),(96,99),(11,67),
203:(8,2),(9,2),(13,13),(10,2),(0,5),(17,5),(10,3),(18,5),(27,6),(31,26),(31,20),(31,13),(32,21),(18,45),(27,66),(80,32),(9,76),(80,13),(89,5),(18,33),(79,3),(80,40),(99,31),(96,99),(11,67),
204:(8,2),(9,2),(13,13),(10,2),(0,5),(17,5),(9,3),(18,5),(27,6),(31,26),(31,20),(31,13),(32,21),(18,45),(27,66),(80,32),(9,76),(80,13),(89,5),(18,33),(79,3),(80,40),(99,31),(96,99),(11,67),
205:(8,2),(9,2),(13,13),(10,2),(0,5),(17,5),(9,3),(18,5),(27,6),(31,26),(31,20),(31,13),(32,21),(18,45),(27,66),(80,32),(9,76),(80,13),(89,5),(18,33),(79,3),(80,40),(99,31),(96,99),(11,67),
206:(7,2),(8,2),(13,13),(9,2),(0,5),(17,5),(8,3),(18,5),(27,6),(31,26),(31,20),(31,13),(32,21),(18,45),(27,66),(80,32),(9,76),(80,13),(89,5),(18,33),(79,3),(80,40),(99,31),(96,99),(11,67),
207:(7,2),(8,2),(13,13),(9,2),(0,5),(17,5),(8,3),(18,5),(27,6),(31,26),(31,20),(31,13),(32,21),(18,45),(27,66),(80,32),(9,76),(80,13),(89,5),(18,33),(79,3),(80,40),(99,31),(96,99),(11,67),
208:(7,2),(8,2),(13,13),(9,2),(0,5),(17,5),(8,3),(18,5),(27,6),(31,26),(31,20),(31,13),(32,21),(18,45),(27,66),(80,32),(9,76),(80,13),(89,5),(18,33),(79,3),(80,40),(99,31),(96,99),(11,67),
209:(6,2),(7,2),(13,13),(8,2),(0,5),(17,5),(7,3),(18,5),(27,6),(31,26),(31,20),(31,13),(32,21),(18,45),(27,66),(80,32),(9,76),(80,13),(89,5),(18,33),(79,3),(80,40),(99,31),(96,99),(11,67),
210:(6,2),(7,2),(13,13),(8,2),(0,5),(17,5),(7,3),(18,5),(27,6),(31,26),(31,20),(31,13),(32,21),(18,45),(27,66),(80,32),(9,76),(80,13),(89,5),(18,33),(79,3),(80,40),(99,31),(96,99),(11,67),
211:(6,2),(7,2),(13,13),(8,2),(0,5),(17,5),(7,3),(18,5),(27,6),(31,26),(31,20),(31,13),(32,21),(18,45),(27,66),(80,32),(9,76),(80,13),(89,5),(18,33),(79,3),(80,40),(99,31),(96,99),(11,67),
212:(5,2),(6,2),(13,13),(7,2),(0,5),(17,5),(6,3),(18,5),(27,6),(31,26),(31,20),(31,13),(32,21),(18,45),(27,66),(80,32),(9,76),(80,13),(89,5),(18,33),(79,3),(80,40),(99,31),(96,99),(11,67),
213:(5,2),(6,2),(13,13),(7,2),(0,5),(17,5),(6,3),(18,5),(27,6),(31,26),(31,20),(31,13),(32,21),(18,45),(27,66),(80,32),(9,76),(80,13),(89,5),(18,33),(79,3),(80,40),(99,31),(96,99),(11,67),
214:(5,2),(6,2),(13,13),(7,2),(0,5),(17,5),(5,3),(18,5),(27,6),(31,26),(31,20),(31,13),(32,21),(18,45),(27,66),(80,32),(9,76),(80,13),(89,5),(18,33),(79,3),(80,40),(99,31),(96,99),(11,67),
215:(5,2),(6,2),(13,13),(7,2),(0,5),(17,5),(5,3),(18,5),(27,6),(31,26),(31,20),(31,13),(32,21),(18,45),(27,66),(80,32),(9,76),(80,13),(89,5),(18,33),(79,3),(80,40),(99,31),(96,99),(11,67),
216:(4,2),(5,2),(13,13),(6,2),(0,5),(17,5),(4,3),(18,5),(27,6),(31,26),(31,20),(31,13),(32,21),(18,45),(27,66),(80,32),(9,76),(80,13),(89,5),(18,33),(79,3),(80,40),(99,31),(96,99),(11,67),
217:(4,2),(5,2),(13,13),(6,2),(0,5),(17,5),(4,3),(18,5),(27,6),(31,26),(31,20),(31,13),(32,21),(18,45),(27,66),(80,32),(9,76),(80,13),(89,5),(18,33),(79,3),(80,40),(99,31),(96,99),(11,67),
218:(4,2),(5,2),(13,13),(6,2),(0,5),(17,5),(4,3),(18,5),(27,6),(31,26),(31,20),(31,13),(32,21),(18,45),(27,66),(80,32),(9,76),(80,13),(89,5),(18,33),(79,3),(80,40),(99,31),(96,99),(11,67),
219:(3,2),(4,2),(13,13),(5,2),(0,5),(17,5),(3,3),(18,5),(27,6),(31,26),(31,20),(31,13),(32,21),(18,45),(27,66),(80,32),(9,76),(80,13),(89,5),(18,33),(79,3),(80,40),(99,31),(96,99),(11,67),
220:(3,2),(4,2),(13,13),(5,2),(0,5),(17,5),(3,3),(18,5),(27,6),(31,26),(31,20),(31,13),(32,21),(18,45),(27,66),(80,32),(9,76),(80,13),(89,5),(18,33),(79,3),(80,40),(99,31),(96,99),(11,67),
221:(3,2),(4,2),(13,13),(5,2),(0,5),(17,5),(3,3),(18,5),(27,6),(31,26),(31,20),(31,13),(32,21),(18,45),(27,66),(80,32),(9,76),(80,13),(89,5),(18,33),(79,3),(80,40),(99,31),(96,99),(11,67),
222:(3,3),(4,2),(13,13),(5,2),(0,5),(17,5),(4,3),(18,5),(27,6),(31,26),(31,20),(31,13),(32,21),(18,45),(27,66),(80,32),(9,76),(80,13),(89,5),(18,33),(79,3),(80,40),(99,31),(96,99),(11,67),
223:(3,3),(4,2),(13,13),(5,2),(0,5),(17,5),(4,3),(18,5),(27,6),(31,26),(31,20),(31,13),(32,21),(18,45),(27,66),(80,32),(9,76),(80,13),(89,5),(18,33),(79,3),(80,40),(99,31),(96,99),(11,67),
224:(3,3),(5,2),(13,13),(6,2),(0,5),(17,5),(5,3),(18,5),(27,6),(31,26),(31,20),(31,13),(32,21),(18,45),(27,66),(80,32),(9,76),(80,13),(89,5),(18,33),(79,3),(80,40),(99,31),(96,99),(11,67),
225:(2,3),(5,2),(13,13),(6,2),(0,5),(17,5),(5,3),(18,5),(27,6),(31,26),(31,20),(31,13),(32,21),(18,45),(27,66),(80,32),(9,76),(80,13),(89,5),(18,33),(79,3),(80,40),(99,31),(96,99),(11,67),
226:(2,3),(5,2),(13,13),(6,2),(0,5),(17,5),(6,3),(18,5),(27,6),(31,26),(31,20),(31,13),(32,21),(18,45),(27,66),(80,32),(9,76),(80,13),(89,5),(18,33),(79,3),(80,40),(99,31),(96,99),(11,67),
227:(2,3),(5,2),(13,13),(6,2),(0,5),(17,5),(6,3),(18,5),(27,6),(31,26),(31,20),(31,13),(32,21),(18,45),(27,66),(80,32),(9,76),(80,13),(89,5),(18,33),(79,3),(80,40),(99,31),(96,99),(11,67),
228:(2,3),(6,2),(13,13),(7,2),(0,5),(17,5),(7,3),(18,5),(27,6),(31,26),(31,20),(31,13),(32,21),(18,45),(27,66),(80,32),(9,76),(80,13),(89,5),(18,33),(79,3),(80,40),(99,31),(96,99),(11,67),
229:(2,3),(6,2),(13,13),(7,2),(0,5),(17,5),(7,3),(18,5),(27,6),(31,26),(31,20),(31,13),(32,21),(18,45),(27,66),(80,32),(9,76),(80,13),(89,5),(18,33),(79,3),(80,40),(99,31),(96,99),(11,67),
230:(2,3),(6,2),(13,13),(7,2),(0,5),(17,5),(7,3),(18,5),(27,6),(31,26),(31,20),(31,13),(32,21),(18,45),(27,66),(80,32),(9,76),(80,13),(89,5),(18,33),(79,3),(80,40),(99,31),(96,99),(11,67),
231:(2,3),(7,2),(13,13),(8,2),(0,5),(17,5),(8,3),(18,5),(27,6),(31,26),(31,20),(31,13),(32,21),(18,45),(27,66),(80,32),(9,76),(80,13),(89,5),(18,33),(79,3),(80,40),(99,31),(96,99),(11,67),
232:(2,3),(7,2),(13,13),(8,2),(0,5),(17,5),(8,3),(18,5),(27,6),(31,26),(31,20),(31,13),(32,21),(18,45),(27,66),(80,32),(9,76),(80,13),(89,5),(18,33),(79,3),(80,40),(99,31),(96,99),(11,67),
233:(2,3),(7,2),(13,13),(8,2),(0,5),(17,5),(8,3),(18,5),(27,6),(31,26),(31,20),(31,13),(32,21),(18,45),(27,66),(80,32),(9,76),(80,13),(89,5),(18,33),(79,3),(80,40),(99,31),(96,99),(11,67),
234:(2,3),(8,2),(13,13),(9,2),(0,5),(17,5),(9,3),(18,5),(27,6),(31,26),(31,20),(31,13),(32,21),(18,45),(27,66),(80,32),(9,76),(80,13),(89,5),(18,33),(79,3),(80,40),(99,31),(96,99),(11,67),
235:(2,3),(8,2),(13,13),(9,2),(0,5),(17,5),(9,3),(18,5),(27,6),(31,26),(31,20),(31,13),(32,21),(18,45),(27,66),(80,32),(9,76),(80,13),(89,5),(18,33),(79,3),(80,40),(99,31),(96,99),(11,67),
236:(2,3),(8,2),(13,13),(9,2),(0,5),(17,5),(10,3),(18,5),(27,6),(31,26),(31,20),(31,13),(32,21),(18,45),(27,66),(80,32),(9,76),(80,13),(89,5),(18,33),(79,3),(80,40),(99,31),(96,99),(11,67),
237:(2,3),(8,2),(13,13),(9,2),(0,5),(17,5),(10,3),(18,5),(27,6),(31,26),(31,20),(31,13),(32,21),(18,45),(27,66),(80,32),(9,76),(80,13),(89,5),(18,33),(79,3),(80,40),(99,31),(96,99),(11,67),
238:(2,3),(9,2),(13,13),(10,2),(0,5),(17,5),(11,3),(18,5),(27,6),(31,26),(31,20),(31,13),(32,21),(18,45),(27,66),(80,32),(9,76),(80,13),(89,5),(18,33),(79,3),(80,40),(99,31),(96,99),(11,67),
239:(2,3),(9,2),(13,13),(10,2),(0,5),(17,5),(11,3),(18,5),(27,6),(31,26),(31,20),(31,13),(32,21),(18,45),(27,66),(80,32),(9,76),(80,13),(89,5),(18,33),(79,3),(80,40),(99,31),(96,99),(11,67),
240:(2,3),(9,2),(13,13),(10,2),(0,5),(17,5),(11,3),(18,5),(27,6),(31,26),(31,20),(31,13),(32,21),(18,45),(27,66),(80,32),(9,76),(80,13),(89,5),(18,33),(79,3),(80,40),(99,31),(96,99),(11,67),
241:(2,3),(10,2),(13,13),(11,2),(0,5),(17,5),(12,3),(18,5),(27,7),(31,26),(31,20),(31,13),(32,21),(18,45),(27,66),(80,32),(9,76),(80,13),(89,5),(18,33),(79,3),(80,40),(99,31),(96,99),(11,67),
242:(2,3),(10,2),(13,13),(11,2),(0,5),(17,5),(12,3),(18,5),(27,7),(31,26),(31,20),(31,13),(32,21),(18,45),(27,66),(80,32),(9,76),(80,13),(89,5),(18,33),(79,3),(80,40),(99,31),(96,99),(11,67),
243:(2,3),(10,2),(13,13),(11,2),(0,5),(17,5),(13,3),(18,5),(27,7),(31,26),(31,20),(31,13),(32,21),(18,45),(27,66),(80,32),(9,76),(80,13),(89,5),(18,33),(79,3),(80,40),(99,31),(96,99),(11,67),
244:(2,3),(10,2),(13,13),(11,2),(0,5),(17,5),(13,3),(18,5),(27,7),(31,26),(31,20),(31,13),(32,21),(18,45),(27,66),(80,32),(9,76),(80,13),(89,5),(18,33),(79,3),(80,40),(99,31),(96,99),(11,67),
245:(2,3),(11,2),(13,13),(11,3),(0,5),(17,5),(14,3),(18,5),(28,7),(31,26),(31,20),(31,13),(32,21),(18,45),(27,66),(80,32),(9,76),(80,13),(89,5),(18,33),(79,3),(80,40),(99,31),(96,99),(11,67),
246:(2,3),(11,2),(13,13),(11,3),(0,5),(17,5),(14,3),(18,5),(28,6),(31,26),(31,20),(31,13),(32,21),(18,45),(27,66),(80,32),(9,76),(80,13),(89,5),(18,33),(79,3),(80,40),(99,31),(96,99),(11,67),
247:(2,3),(11,2),(13,13),(11,3),(0,5),(17,5),(14,3),(18,5),(28,6),(31,26),(31,20),(31,13),(32,21),(18,45),(27,66),(80,32),(9,76),(80,13),(89,5),(18,33),(79,3),(80,40),(99,31),(96,99),(11,67),
248:(2,3),(12,2),(13,13),(11,3),(0,5),(17,5),(15,3),(18,5),(28,7),(31,26),(31,20),(31,13),(32,21),(18,45),(27,66),(80,32),(9,76),(80,13),(89,5),(18,33),(79,3),(80,40),(99,31),(96,99),(11,67),
249:(2,3),(12,2),(13,13),(11,3),(0,5),(17,5),(15,3),(18,5),(28,7),(31,26),(31,20),(31,13),(32,21),(18,45),(27,66),(80,32),(9,76),(80,13),(89,5),(18,33),(79,3),(80,40),(99,31),(96,99),(11,67),
250:(2,3),(12,2),(13,13),(11,3),(0,5),(17,5),(15,3),(18,5),(28,7),(31,26),(31,20),(31,13),(32,21),(18,45),(27,66),(80,32),(9,76),(80,13),(89,5),(18,33),(79,3),(80,40),(99,31),(96,99),(11,67),
251:(2,3),(12,1),(13,13),(11,3),(0,5),(17,5),(16,3),(18,5),(28,7),(31,26),(31,20),(31,13),(32,21),(18,45),(27,66),(80,32),(9,76),(80,13),(89,5),(18,33),(79,3),(80,40),(99,31),(96,99),(11,67),
252:(2,3),(12,1),(13,13),(11,3),(0,5),(17,5),(16,3),(18,5),(28,7),(31,26),(31,20),(31,13),(32,21),(18,45),(27,66),(80,32),(9,76),(80,13),(89,5),(18,33),(79,3),(80,40),(99,31),(96,99),(11,67),
253:(2,3),(12,1),(13,13),(11,2),(0,5),(17,5),(17,3),(18,5),(27,7),(31,26),(31,20),(31,13),(32,21),(18,45),(27,66),(80,32),(9,76),(80,13),(89,5),(18,33),(79,3),(80,40),(99,31),(96,99),(11,67),
254:(2,3),(12,1),(13,13),(11,2),(0,5),(17,5),(17,3),(18,5),(27,7),(31,26),(31,20),(31,13),(32,21),(18,45),(27,66),(80,32),(9,76),(80,13),(89,5),(18,33),(79,3),(80,40),(99,31),(96,99),(11,67),
255:(2,3),(13,1),(13,13),(11,2),(0,5),(17,5),(17,2),(18,5),(27,7),(31,26),(31,20),(31,13),(32,21),(18,45),(27,66),(80,32),(9,76),(80,13),(89,5),(18,33),(79,3),(80,40),(99,31),(96,99),(11,67),
256:(2,3),(13,1),(13,13),(10,2),(0,5),(17,5),(17,2),(18,5),(27,6),(31,26),(31,20),(31,13),(32,21),(18,45),(27,66),(80,32),(9,76),(80,13),(89,5),(18,33),(79,3),(80,40),(99,31),(96,99),(11,67),
257:(2,3),(13,1),(13,13),(10,2),(0,5),(17,5),(17,1),(18,5),(27,6),(31,26),(31,20),(31,13),(32,21),(18,45),(27,66),(80,32),(9,76),(80,13),(89,4),(18,33),(79,3),(80,40),(99,31),(96,99),(11,67),
258:(2,3),(13,2),(13,13),(10,2),(0,5),(17,5),(17,1),(18,5),(27,6),(31,26),(31,20),(31,13),(32,21),(18,45),(27,66),(80,32),(9,76),(80,13),(89,4),(18,33),(79,3),(80,40),(99,31),(96,99),(11,67),
259:(2,3),(13,2),(13,13),(9,2),(0,5),(17,5),(18,1),(18,5),(27,6),(31,26),(31,20),(31,13),(32,21),(18,45),(27,66),(80,32),(9,76),(80,13),(89,5),(18,33),(79,3),(80,40),(99,31),(96,99),(11,67),
260:(2,3),(13,2),(13,13),(9,2),(0,5),(17,5),(18,1),(18,5),(27,6),(31,26),(31,20),(31,13),(32,21),(18,45),(27,66),(80,32),(9,76),(80,13),(89,5),(18,33),(79,3),(80,40),(99,31),(96,99),(11,67),
261:(2,3),(12,2),(13,13),(9,2),(0,5),(17,5),(19,1),(18,5),(27,6),(31,26),(31,20),(31,13),(32,21),(18,45),(27,66),(80,32),(9,76),(80,13),(89,5),(18,33),(79,3),(80,40),(99,31),(96,99),(11,67),
262:(2,3),(12,2),(13,13),(8,2),(0,5),(17,5),(19,1),(18,5),(27,6),(31,26),(31,20),(31,13),(32,21),(18,45),(27,66),(80,32),(9,76),(80,13),(89,5),(18,33),(79,3),(80,40),(99,31),(96,99),(11,67),
263:(2,3),(12,2),(13,13),(8,2),(0,5),(17,5),(19,1),(18,5),(27,6),(31,26),(31,20),(31,13),(32,21),(18,45),(27,66),(80,32),(9,76),(80,13),(89,5),(18,33),(79,3),(80,40),(99,31),(96,99),(11,67),
264:(2,3),(11,2),(13,13),(8,2),(0,5),(17,5),(19,1),(18,5),(27,7),(31,26),(31,20),(31,13),(32,21),(18,45),(27,66),(80,32),(9,76),(80,13),(89,5),(18,33),(79,3),(80,40),(99,31),(96,99),(11,67),
265:(2,3),(11,2),(13,13),(7,2),(0,5),(17,5),(19,1),(18,5),(27,7),(31,26),(31,20),(31,13),(32,21),(18,45),(27,66),(80,32),(9,76),(80,13),(89,5),(18,33),(79,3),(80,40),(99,31),(96,99),(11,67),
266:(2,3),(11,2),(13,13),(7,2),(0,5),(17,5),(19,1),(18,5),(27,7),(31,26),(31,20),(31,13),(32,21),(18,45),(27,66),(80,32),(9,76),(80,13),(89,5),(18,33),(79,3),(80,40),(99,31),(96,99),(11,67),
267:(2,3),(10,2),(13,13),(7,2),(0,5),(17,5),(19,1),(18,5),(27,6),(31,26),(31,20),(31,13),(32,21),(18,45),(27,66),(80,32),(9,76),(80,13),(89,5),(18,33),(79,3),(80,40),(99,31),(96,99),(11,67),
268:(2,3),(10,2),(13,13),(6,2),(0,5),(17,5),(19,1),(18,5),(27,6),(31,26),(31,20),(31,13),(32,21),(18,45),(27,66),(80,32),(9,76),(80,13),(89,5),(18,33),(79,3),(80,40),(99,31),(96,99),(11,67),
269:(2,3),(10,2),(13,13),(6,2),(0,5),(17,5),(19,1),(18,5),(27,6),(31,26),(31,20),(31,13),(32,21),(18,45),(27,66),(80,32),(9,76),(80,13),(89,5),(18,33),(79,3),(80,40),(99,31),(96,99),(11,67),
270:(2,3),(9,2),(13,13),(6,2),(0,5),(17,5),(19,1),(18,5),(27,6),(31,26),(31,20),(31,13),(32,21),(18,45),(27,66),(80,32),(9,76),(80,13),(89,5),(18,33),(79,3),(80,40),(99,31),(96,99),(11,67),
271:(2,3),(9,2),(13,13),(5,2),(0,5),(17,5),(19,1),(18,5),(27,6),(31,26),(31,20),(31,13),(32,21),(18,45),(27,66),(80,32),(9,76),(80,13),(89,5),(18,33),(79,3),(80,40),(99,31),(96,99),(11,67),
272:(2,3),(9,2),(13,13),(5,2),(0,5),(17,5),(19,1),(18,5),(27,6),(31,26),(31,20),(31,13),(32,21),(18,45),(27,66),(80,32),(9,76),(80,13),(89,5),(18,33),(79,3),(80,40),(99,31),(96,99),(11,67),
273:(2,3),(8,2),(13,13),(5,2),(0,5),(17,5),(19,1),(18,5),(27,6),(31,26),(31,20),(31,13),(32,21),(18,45),(27,66),(80,32),(9,76),(80,13),(89,5),(18,33),(79,3),(80,40),(99,31),(96,99),(11,67),
274:(2,3),(8,2),(13,13),(4,2),(0,5),(17,5),(19,1),(18,5),(27,6),(31,26),(31,20),(31,13),(32,21),(18,45),(27,66),(80,32),(9,76),(80,13),(89,5),(18,33),(79,3),(80,40),(99,31),(96,99),(11,67),
275:(2,3),(8,2),(13,13),(4,2),(0,5),(17,5),(19,1),(18,5),(27,6),(31,26),(31,20),(31,13),(32,21),(18,45),(27,66),(80,32),(9,76),(80,13),(89,5),(18,33),(79,3),(80,40),(99,31),(96,99),(11,67),
276:(2,3),(7,2),(13,13),(4,2),(0,5),(17,5),(19,1),(18,5),(27,6),(31,26),(31,20),(31,13),(32,21),(18,45),(27,66),(80,32),(9,76),(80,13),(89,5),(18,33),(79,3),(80,40),(99,31),(96,99),(11,67),
277:(2,3),(7,2),(13,13),(3,2),(0,5),(17,5),(19,1),(18,5),(27,6),(31,26),(31,20),(31,13),(32,21),(18,45),(27,66),(80,32),(9,76),(80,13),(89,5),(18,33),(79,3),(80,40),(99,31),(96,99),(11,67),
278:(2,3),(7,2),(13,13),(3,2),(0,5),(17,5),(19,1),(18,5),(27,6),(31,26),(31,20),(31,13),(32,21),(18,45),(27,66),(80,32),(9,76),(80,13),(89,5),(18,33),(79,3),(80,40),(99,31),(96,99),(11,67),
279:(2,3),(6,2),(13,13),(3,2),(0,5),(17,5),(19,1),(18,5),(27,6),(31,26),(31,20),(31,13),(32,21),(18,45),(27,66),(80,32),(9,76),(80,13),(89,5),(18,33),(79,3),(80,40),(99,31),(96,99),(11,67),
280:(2,3),(6,2),(13,13),(2,2),(0,5),(17,5),(19,1),(18,5),(27,6),(31,26),(31,20),(31,13),(32,21),(18,45),(27,66),(80,32),(9,76),(80,13),(89,5),(18,33),(79,3),(80,40),(99,31),(96,99),(11,67),
281:(2,3),(6,2),(13,13),(2,2),(0,5),(17,5),(19,1),(18,5),(27,6),(31,26),(31,20),(31,13),(32,21),(18,45),(27,66),(80,32),(9,76),(80,13),(89,5),(18,33),(79,3),(80,40),(99,31),(96,99),(11,67),
282:(2,3),(5,2),(13,13),(2,2),(0,5),(17,5),(19,1),(18,5),(27,6),(31,26),(31,20),(31,13),(32,21),(18,45),(27,66),(80,32),(9,76),(80,13),(89,5),(18,33),(79,3),(80,40),(99,31),(96,99),(11,67),
283:(2,3),(5,2),(13,13),(1,2),(0,5),(17,5),(19,1),(18,5),(27,6),(31,26),(31,20),(31,13),(32,21),(18,45),(27,66),(80,32),(9,76),(80,13),(89,5),(18,33),(79,3),(80,40),(99,31),(96,99),(11,67),
284:(2,3),(5,2),(13,13),(1,2),(0,5),(17,5),(19,1),(18,5),(27,6),(31,26),(31,20),(31,13),(32,21),(18,45),(27,66),(80,32),(9,76),(80,13),(89,5),(18,33),(79,3),(80,40),(99,31),(96,99),(11,67),
285:(2,3),(4,2),(13,13),(1,2),(0,5),(17,5),(19,1),(18,5),(27,6),(31,26),(31,20),(31,13),(32,21),(18,45),(27,66),(80,32),(9,76),(80,13),(89,5),(18,33),(79,3),(80,40),(99,31),(96,99),(11,67),
286:(2,3),(4,2),(13,13),(1,3),(0,5),(17,5),(19,1),(18,5),(27,6),(31,26),(31,20),(31,13),(32,21),(18,45),(27,66),(80,32),(9,76),(80,13),(89,5),(18,33),(79,3),(80,40),(99,31),(96,99),(11,67),
287:(2,3),(4,2),(13,13),(1,3),(0,5),(17,5),(19,1),(18,5),(27,6),(31,26),(31,20),(31,13),(32,21),(18,45),(27,66),(80,32),(9,76),(80,13),(89,5),(18,33),(79,3),(80,40),(99,31),(96,99),(11,67),
288:(2,3),(3,2),(13,13),(1,3),(0,5),(17,5),(19,1),(18,5),(27,6),(31,26),(31,20),(31,13),(32,21),(18,45),(27,66),(80,32),(9,76),(80,13),(89,5),(18,33),(79,3),(80,40),(99,31),(96,99),(11,67),
289:(2,3),(3,2),(13,13),(1,4),(0,5),(17,5),(19,1),(18,5),(27,6),(31,26),(31,20),(31,13),(32,21),(18,45),(27,66),(80,32),(9,76),(80,13),(89,5),(18,33),(79,3),(80,40),(99,31),(96,99),(11,67),
290:(2,3),(3,2),(13,13),(1,4),(0,5),(17,5),(19,1),(18,5),(27,6),(31,26),(31,20),(31,13),(32,21),(18,45),(27,66),(80,32),(9,76),(80,13),(89,5),(18,33),(79,3),(80,40),(99,31),(96,99),(11,67),
291:(2,3),(3,3),(13,13),(1,4),(0,5),(17,5),(19,1),(18,5),(27,6),(31,26),(31,20),(31,13),(32,21),(18,45),(27,66),(80,32),(9,76),(80,13),(89,5),(18,33),(79,3),(80,40),(99,31),(96,99),(11,67),
292:(2,3),(3,3),(13,13),(1,5),(0,5),(17,5),(19,1),(18,5),(27,6),(31,26),(31,20),(31,13),(32,21),(18,45),(27,66),(80,32),(9,76),(80,13),(89,5),(18,33),(79,3),(80,40),(99,31),(96,99),(11,67),
293:(2,3),(3,3),(13,13),(1,5),(0,5),(17,5),(19,1),(18,5),(27,6),(31,26),(31,20),(31,13),(32,21),(18,45),(27,66),(80,32),(9,76),(80,13),(89,5),(18,33),(79,3),(80,40),(99,31),(96,99),(11,67),
294:(2,3),(3,4),(13,13),(1,5),(0,5),(17,5),(19,1),(18,5),(27,6),(31,26),(31,20),(31,13),(32,21),(18,45),(27,66),(80,32),(9,76),(80,13),(89,5),(18,33),(79,3),(80,40),(99,31),(96,99),(11,67),
295:(2,3),(3,4),(13,13),(1,5),(0,5),(17,5),(19,1),(18,5),(27,6),(31,26),(31,20),(31,13),(32,21),(18,45),(27,66),(80,32),(9,76),(80,13),(89,5),(18,33),(79,3),(80,40),(99,31),(96,99),(11,67),
296:(2,3),(3,4),(13,13),(1,5),(0,5),(17,5),(19,1),(18,5),(27,6),(31,26),(31,20),(31,13),(32,21),(18,45),(27,66),(80,32),(9,76),(80,13),(89,5),(18,33),(79,3),(80,40),(99,31),(96,99),(11,67),
297:(2,3),(3,5),(13,13),(1,5),(0,5),(17,5),(19,1),(18,5),(27,6),(31,26),(31,20),(31,13),(32,21),(18,45),(27,66),(80,32),(9,76),(80,13),(89,5),(18,33),(79,3),(80,40),(99,31),(96,99),(11,67),
298:(2,3),(3,5),(13,13),(1,5),(0,5),(17,5),(19,1),(18,5),(27,6),(31,26),(31,20),(31,13),(32,21),(18,45),(27,66),(80,32),(9,76),(80,13),(89,5),(18,33),(79,3),(80,40),(99,31),(96,99),(11,67),
299:(2,3),(3,5),(13,13),(1,5),(0,5),(17,5),(19,1),(18,5),(27,6),(31,26),(31,20),(31,13),(32,21),(18,45),(27,66),(80,32),(9,76),(80,13),(89,5),(18,33),(79,3),(80,40),(99,31),(96,99),(11,67),
300:(2,3),(3,6),(13,13),(1,5),(0,5),(17,5),(19,1),(18,5),(27,6),(31,26),(31,20),(31,13),(32,21),(18,45),(27,66),(80,32),(9,76),(80,13),(89,5),(18,33),(79,3),(80,40),(99,31),(96,99),(11,67),
301:(2,3),(3,6),(13,13),(1,5),(0,5),(17,5),(19,1),(18,5),(27,6),(31,26),(31,20),(31,13),(32,21),(18,45),(27,66),(80,32),(9,76),(80,13),(89,5),(18,33),(79,3),(80,40),(99,31),(96,99),(11,67),
302:(2,3),(3,6),(13,13),(1,5),(0,5),(17,5),(19,1),(18,5),(27,6),(31,26),(31,20),(31,13),(32,21),(18,45),(27,66),(80,32),(9,76),(80,13),(89,5),(18,33),(79,3),(80,40),(99,31),(96,99),(11,67),
303:(2,3),(3,7),(13,13),(1,5),(0,5),(17,5),(19,1),(18,5),(27,6),(31,26),(31,20),(31,13),(32,21),(18,45),(27,66),(80,32),(9,76),(80,13),(89,5),(18,33),(79,3),(80,40),(99,31),(96,99),(11,67),
304:(2,3),(3,7),(13,13),(1,5),(0,5),(17,5),(19,1),(18,5),(27,6),(31,26),(31,20),(31,13),(32,21),(18,45),(27,66),(80,32),(9,76),(80,13),(89,5),(18,33),(79,3),(80,40),(99,31),(96,99),(11,67),
305:(2,3),(3,7),(13,13),(1,5),(0,5),(17,5),(19,1),(18,5),(27,6),(31,26),(31,20),(31,13),(32,21),(18,45),(27,66),(80,32),(9,76),(80,13),(89,5),(18,33),(79,3),(80,40),(99,31),(96,99),(11,67),
306:(2,3),(3,8),(13,13),(1,5),(0,5),(17,5),(19,1),(18,5),(27,6),(31,26),(31,20),(31,13),(32,21),(18,45),(27,66),(80,32),(9,76),(80,13),(89,5),(18,33),(79,3),(80,40),(99,31),(96,99),(11,67),
307:(2,3),(3,8),(13,13),(1,5),(0,5),(17,5),(19,1),(18,5),(27,6),(31,26),(31,20),(31,13),(32,21),(18,45),(27,66),(80,32),(9,76),(80,13),(89,5),(18,33),(79,3),(80,40),(99,31),(96,99),(11,67),
308:(2,3),(3,8),(13,13),(1,5),(0,5),(17,5),(19,1),(18,5),(27,6),(31,26),(31,20),(31,13),(32,21),(18,45),(27,66),(80,32),(9,76),(80,13),(89,5),(18,33),(79,3),(80,40),(99,31),(96,99),(11,67),
309:(1,3),(3,8),(13,13),(1,5),(0,5),(17,5),(19,1),(18,5),(27,6),(31,26),(31,20),(31,13),(32,21),(18,45),(27,66),(80,32),(9,76),(80,13),(89,5),(18,33),(79,3),(80,40),(99,31),(96,99),(11,67),
310:(1,3),(3,8),(13,13),(1,5),(0,5),(17,5),(19,1),(18,5),(27,6),(31,26),(31,20),(31,13),(32,21),(18,45),(27,66),(80,32),(9,76),(80,13),(89,5),(18,33),(79,3),(80,40),(99,31),(96,99),(11,67),
311:(1,3),(3,8),(13,13),(1,5),(0,5),(17,5),(19,1),(18,5),(27,6),(31,26),(31,20),(31,13),(32,21),(18,45),(27,66),(80,32),(9,76),(80,13),(89,5),(18,33),(79,3),(80,40),(99,31),(96,99),(11,67),
312:(1,4),(3,8),(13,13),(1,5),(0,5),(17,5),(19,1),(18,5),(27,6),(31,26),(31,20),(31,13),(32,21),(18,45),(27,66),(80,32),(9,76),(80,13),(89,5),(18,33),(79,3),(80,40),(99,31),(96,99),(11,67),
313:(1,4),(3,8),(13,13),(1,5),(0,5),(17,5),(19,1),(18,5),(27,6),(31,26),(31,20),(31,13),(32,21),(18,45),(27,66),(80,32),(9,76),(80,13),(89,5),(18,33),(79,3),(80,40),(99,31),(96,99),(11,67),
314:(1,4),(3,8),(13,13),(1,5),(0,5),(17,5),(19,1),(18,5),(27,6),(31,26),(31,20),(31,13),(32,21),(18,45),(27,66),(80,32),(9,76),(80,13),(89,5),(18,33),(79,3),(80,40),(99,31),(96,99),(11,67),
315:(1,5),(3,8),(13,13),(2,5),(0,5),(17,5),(19,1),(18,5),(27,6),(31,26),(31,20),(31,13),(32,21),(18,45),(27,66),(80,32),(9,76),(80,13),(89,5),(18,33),(79,3),(80,40),(99,31),(96,99),(11,67),
316:(1,5),(3,8),(13,13),(2,5),(0,5),(17,5),(19,1),(18,5),(27,6),(31,26),(31,20),(31,13),(32,21),(18,45),(27,66),(80,32),(9,76),(80,13),(89,5),(18,33),(79,3),(80,40),(99,31),(96,99),(11,67),
317:(1,5),(3,8),(13,13),(2,5),(0,5),(17,5),(19,1),(18,5),(27,6),(31,26),(31,20),(31,13),(32,21),(18,45),(27,66),(80,32),(9,76),(80,13),(89,5),(18,33),(79,3),(80,40),(99,31),(96,99),(11,67),
318:(0,5),(3,8),(13,13),(1,5),(0,5),(17,5),(19,1),(18,5),(27,6),(31,26),(31,20),(31,13),(32,21),(18,45),(27,66),(80,32),(9,76),(80,13),(89,5),(18,33),(79,3),(80,40),(99,31),(96,99),(11,67),
319:(0,5),(3,8),(13,13),(1,5),(0,5),(17,5),(19,1),(18,5),(27,6),(31,26),(31,20),(31,13),(32,21),(18,45),(27,66),(80,32),(9,76),(80,13),(89,5),(18,33),(79,3),(80,40),(99,31),(96,99),(11,67),
320:(0,5),(3,8),(13,13),(1,5),(0,5),(17,5),(19,1),(18,5),(27,6),(31,26),(31,20),(31,13),(32,21),(18,45),(27,66),(80,32),(9,76),(80,13),(89,5),(18,33),(79,3),(80,40),(99,31),(96,99),(11,67),
321:(1,5),(3,8),(13,13),(1,4),(0,5),(17,5),(19,1),(18,5),(27,6),(31,26),(31,20),(31,13),(32,21),(18,45),(27,66),(80,32),(9,76),(80,13),(89,5),(18,33),(79,3),(80,40),(99,31),(96,99),(11,67),
322:(1,5),(3,8),(13,13),(1,4),(0,5),(17,5),(19,1),(18,5),(27,6),(31,26),(31,20),(31,13),(32,21),(18,45),(27,66),(80,32),(9,76),(80,13),(89,5),(18,33),(79,3),(80,40),(99,31),(96,99),(11,67),
323:(1,5),(3,8),(13,13),(1,4),(0,5),(17,5),(19,1),(18,5),(27,6),(31,26),(31,20),(31,13),(32,21),(18,45),(27,66),(80,32),(9,76),(80,13),(89,5),(18,33),(79,3),(80,40),(99,31),(96,99),(11,67),
324:(2,5),(3,8),(13,13),(1,5),(0,5),(17,5),(19,1),(18,5),(27,6),(31,26),(31,20),(31,13),(32,21),(18,45),(27,66),(80,32),(9,76),(80,13),(89,5),(18,33),(79,3),(80,40),(99,31),(96,99),(11,67),
325:(2,5),(3,8),(13,13),(1,5),(0,5),(17,5),(19,1),(18,5),(27,6),(31,26),(31,20),(31,13),(32,21),(18,45),(27,66),(80,32),(9,76),(80,13),(89,5),(18,33),(79,3),(80,40),(99,31),(96,99),(11,67),
326:(2,5),(3,8),(13,13),(1,5),(0,5),(17,5),(19,1),(18,5),(27,6),(31,26),(31,20),(31,13),(32,21),(18,45),(27,66),(80,32),(9,76),(80,13),(89,5),(18,33),(79,3),(80,40),(99,31),(96,99),(11,67),
